2024-09-26 15:57:02.369	[ALERT]:	BREAKS!! Speed decreased to (km/h): -49
2024-09-26 15:57:02.370	[ALERT]:	BREAKS!! Speed decreased to (km/h): -48
2024-09-26 15:57:02.370	[ALERT]:	BREAKS!! Speed decreased to (km/h): -47
2024-09-26 15:57:02.370	[ALERT]:	BREAKS!! Speed decreased to (km/h): -46
2024-09-26 15:57:02.370	[ALERT]:	BREAKS!! Speed decreased to (km/h): -45
2024-09-26 15:57:02.381	[ALERT]:	BREAKS!! Speed decreased to (km/h): 80
2024-09-26 15:57:02.391	[ALERT]:	BREAKS!! Speed decreased to (km/h): 83
2024-09-26 15:57:02.391	[ALERT]:	BREAKS!! Speed decreased to (km/h): 82
2024-09-26 15:57:02.391	[ALERT]:	BREAKS!! Speed decreased to (km/h): 81
2024-09-26 15:57:02.392	[ALERT]:	BREAKS!! Speed decreased to (km/h): 80
2024-09-26 15:57:02.411	[ALERT]:	Battery temperature is critical! Initiating cooling...
0
2024-09-26 15:57:02.424	[ALERT]:	Battery temperature is critical! Initiating cooling...
0
2024-09-26 15:57:02.425	[ALERT]:	BREAKS!! Speed decreased to (km/h): 99
2024-09-26 15:57:02.425	[ALERT]:	BREAKS!! Speed decreased to (km/h): 98
2024-09-26 15:57:02.425	[ALERT]:	BREAKS!! Speed decreased to (km/h): 97
2024-09-26 15:57:02.425	[ALERT]:	BREAKS!! Speed decreased to (km/h): 96
2024-09-26 15:57:02.426	[ALERT]:	BREAKS!! Speed decreased to (km/h): 95
2024-09-26 15:57:02.426	[ALERT]:	BREAKS!! Speed decreased to (km/h): 94
2024-09-26 15:57:02.426	[ALERT]:	BREAKS!! Speed decreased to (km/h): 93
2024-09-26 15:57:02.426	[ALERT]:	BREAKS!! Speed decreased to (km/h): 92
2024-09-26 15:57:02.426	[ALERT]:	BREAKS!! Speed decreased to (km/h): 91
2024-09-26 15:57:02.427	[ALERT]:	BREAKS!! Speed decreased to (km/h): 90
2024-09-26 15:57:02.427	[ALERT]:	BREAKS!! Speed decreased to (km/h): 89
2024-09-26 15:57:02.427	[ALERT]:	BREAKS!! Speed decreased to (km/h): 88
2024-09-26 15:57:02.427	[ALERT]:	BREAKS!! Speed decreased to (km/h): 87
2024-09-26 15:57:02.428	[ALERT]:	BREAKS!! Speed decreased to (km/h): 86
2024-09-26 15:57:02.428	[ALERT]:	BREAKS!! Speed decreased to (km/h): 85
2024-09-26 15:57:02.428	[ALERT]:	BREAKS!! Speed decreased to (km/h): 84
2024-09-26 15:57:02.428	[ALERT]:	BREAKS!! Speed decreased to (km/h): 83
2024-09-26 15:57:02.428	[ALERT]:	BREAKS!! Speed decreased to (km/h): 82
2024-09-26 15:57:02.429	[ALERT]:	BREAKS!! Speed decreased to (km/h): 81
2024-09-26 15:57:02.429	[ALERT]:	BREAKS!! Speed decreased to (km/h): 80
2024-09-26 15:57:02.450	[ALERT]:	BREAKS!! Speed decreased to (km/h): -48
2024-09-26 15:57:02.450	[ALERT]:	BREAKS!! Speed decreased to (km/h): -47
2024-09-26 15:57:02.450	[ALERT]:	BREAKS!! Speed decreased to (km/h): -46
2024-09-26 15:57:02.451	[ALERT]:	BREAKS!! Speed decreased to (km/h): -45
2024-09-26 15:57:02.470	[ALERT]:	Battery temperature is critical! Initiating cooling...
0
2024-09-26 15:57:02.477	[ALERT]:	BREAKS!! Speed decreased to (km/h): -46
2024-09-26 15:57:02.477	[ALERT]:	BREAKS!! Speed decreased to (km/h): -45
2024-09-26 15:57:02.497	[ALERT]:	BREAKS!! Speed decreased to (km/h): -49
2024-09-26 15:57:02.498	[ALERT]:	BREAKS!! Speed decreased to (km/h): -48
2024-09-26 15:57:02.498	[ALERT]:	BREAKS!! Speed decreased to (km/h): -47
2024-09-26 15:57:02.498	[ALERT]:	BREAKS!! Speed decreased to (km/h): -46
2024-09-26 15:57:02.498	[ALERT]:	BREAKS!! Speed decreased to (km/h): -45
2024-09-26 15:57:02.507	[ALERT]:	Battery temperature is critical! Initiating cooling...
0
2024-09-26 15:57:02.519	[ALERT]:	BREAKS!! Speed decreased to (km/h): 90
2024-09-26 15:57:02.519	[ALERT]:	BREAKS!! Speed decreased to (km/h): 89
2024-09-26 15:57:02.519	[ALERT]:	BREAKS!! Speed decreased to (km/h): 88
2024-09-26 15:57:02.519	[ALERT]:	BREAKS!! Speed decreased to (km/h): 87
2024-09-26 15:57:02.520	[ALERT]:	BREAKS!! Speed decreased to (km/h): 86
2024-09-26 15:57:02.520	[ALERT]:	BREAKS!! Speed decreased to (km/h): 85
2024-09-26 15:57:02.520	[ALERT]:	BREAKS!! Speed decreased to (km/h): 84
2024-09-26 15:57:02.520	[ALERT]:	BREAKS!! Speed decreased to (km/h): 83
2024-09-26 15:57:02.520	[ALERT]:	BREAKS!! Speed decreased to (km/h): 82
2024-09-26 15:57:02.521	[ALERT]:	BREAKS!! Speed decreased to (km/h): 81
2024-09-26 15:57:02.521	[ALERT]:	BREAKS!! Speed decreased to (km/h): 80
2024-09-26 15:57:02.545	[ALERT]:	BREAKS!! Speed decreased to (km/h): -46
2024-09-26 15:57:02.545	[ALERT]:	BREAKS!! Speed decreased to (km/h): -45
2024-09-26 15:57:02.572	[ALERT]:	BREAKS!! Speed decreased to (km/h): 83
2024-09-26 15:57:02.572	[ALERT]:	BREAKS!! Speed decreased to (km/h): 82
2024-09-26 15:57:02.572	[ALERT]:	BREAKS!! Speed decreased to (km/h): 81
2024-09-26 15:57:02.572	[ALERT]:	BREAKS!! Speed decreased to (km/h): 80
2024-09-26 15:57:02.575	[ALERT]:	BREAKS!! Speed decreased to (km/h): -49
2024-09-26 15:57:02.576	[ALERT]:	BREAKS!! Speed decreased to (km/h): -48
2024-09-26 15:57:02.576	[ALERT]:	BREAKS!! Speed decreased to (km/h): -47
2024-09-26 15:57:02.576	[ALERT]:	BREAKS!! Speed decreased to (km/h): -46
2024-09-26 15:57:02.576	[ALERT]:	BREAKS!! Speed decreased to (km/h): -45
2024-09-26 15:57:02.581	[ALERT]:	BREAKS!! Speed decreased to (km/h): 98
2024-09-26 15:57:02.581	[ALERT]:	BREAKS!! Speed decreased to (km/h): 97
2024-09-26 15:57:02.581	[ALERT]:	BREAKS!! Speed decreased to (km/h): 96
2024-09-26 15:57:02.581	[ALERT]:	BREAKS!! Speed decreased to (km/h): 95
2024-09-26 15:57:02.581	[ALERT]:	BREAKS!! Speed decreased to (km/h): 94
2024-09-26 15:57:02.581	[ALERT]:	BREAKS!! Speed decreased to (km/h): 93
2024-09-26 15:57:02.582	[ALERT]:	BREAKS!! Speed decreased to (km/h): 92
2024-09-26 15:57:02.582	[ALERT]:	BREAKS!! Speed decreased to (km/h): 91
2024-09-26 15:57:02.582	[ALERT]:	BREAKS!! Speed decreased to (km/h): 90
2024-09-26 15:57:02.582	[ALERT]:	BREAKS!! Speed decreased to (km/h): 89
2024-09-26 15:57:02.582	[ALERT]:	BREAKS!! Speed decreased to (km/h): 88
2024-09-26 15:57:02.582	[ALERT]:	BREAKS!! Speed decreased to (km/h): 87
2024-09-26 15:57:02.582	[ALERT]:	BREAKS!! Speed decreased to (km/h): 86
2024-09-26 15:57:02.583	[ALERT]:	BREAKS!! Speed decreased to (km/h): 85
2024-09-26 15:57:02.583	[ALERT]:	BREAKS!! Speed decreased to (km/h): 84
2024-09-26 15:57:02.583	[ALERT]:	BREAKS!! Speed decreased to (km/h): 83
2024-09-26 15:57:02.583	[ALERT]:	BREAKS!! Speed decreased to (km/h): 82
2024-09-26 15:57:02.583	[ALERT]:	BREAKS!! Speed decreased to (km/h): 81
2024-09-26 15:57:02.583	[ALERT]:	BREAKS!! Speed decreased to (km/h): 80
2024-09-26 15:57:02.586	[ALERT]:	BREAKS!! Speed decreased to (km/h): -49
2024-09-26 15:57:02.586	[ALERT]:	BREAKS!! Speed decreased to (km/h): -48
2024-09-26 15:57:02.586	[ALERT]:	BREAKS!! Speed decreased to (km/h): -47
2024-09-26 15:57:02.587	[ALERT]:	BREAKS!! Speed decreased to (km/h): -46
2024-09-26 15:57:02.587	[ALERT]:	BREAKS!! Speed decreased to (km/h): -45
2024-09-26 15:57:02.592	[ALERT]:	BREAKS!! Speed decreased to (km/h): 96
2024-09-26 15:57:02.592	[ALERT]:	BREAKS!! Speed decreased to (km/h): 95
2024-09-26 15:57:02.592	[ALERT]:	BREAKS!! Speed decreased to (km/h): 94
2024-09-26 15:57:02.592	[ALERT]:	BREAKS!! Speed decreased to (km/h): 93
2024-09-26 15:57:02.592	[ALERT]:	BREAKS!! Speed decreased to (km/h): 92
2024-09-26 15:57:02.592	[ALERT]:	BREAKS!! Speed decreased to (km/h): 91
2024-09-26 15:57:02.593	[ALERT]:	BREAKS!! Speed decreased to (km/h): 90
2024-09-26 15:57:02.593	[ALERT]:	BREAKS!! Speed decreased to (km/h): 89
2024-09-26 15:57:02.593	[ALERT]:	BREAKS!! Speed decreased to (km/h): 88
2024-09-26 15:57:02.593	[ALERT]:	BREAKS!! Speed decreased to (km/h): 87
2024-09-26 15:57:02.593	[ALERT]:	BREAKS!! Speed decreased to (km/h): 86
2024-09-26 15:57:02.593	[ALERT]:	BREAKS!! Speed decreased to (km/h): 85
2024-09-26 15:57:02.593	[ALERT]:	BREAKS!! Speed decreased to (km/h): 84
2024-09-26 15:57:02.594	[ALERT]:	BREAKS!! Speed decreased to (km/h): 83
2024-09-26 15:57:02.594	[ALERT]:	BREAKS!! Speed decreased to (km/h): 82
2024-09-26 15:57:02.594	[ALERT]:	BREAKS!! Speed decreased to (km/h): 81
2024-09-26 15:57:02.594	[ALERT]:	BREAKS!! Speed decreased to (km/h): 80
2024-09-26 15:57:02.600	[ALERT]:	BREAKS!! Speed decreased to (km/h): 86
2024-09-26 15:57:02.600	[ALERT]:	BREAKS!! Speed decreased to (km/h): 85
2024-09-26 15:57:02.600	[ALERT]:	BREAKS!! Speed decreased to (km/h): 84
2024-09-26 15:57:02.600	[ALERT]:	BREAKS!! Speed decreased to (km/h): 83
2024-09-26 15:57:02.600	[ALERT]:	BREAKS!! Speed decreased to (km/h): 82
2024-09-26 15:57:02.600	[ALERT]:	BREAKS!! Speed decreased to (km/h): 81
2024-09-26 15:57:02.601	[ALERT]:	BREAKS!! Speed decreased to (km/h): 80
2024-09-26 15:57:02.606	[ALERT]:	BREAKS!! Speed decreased to (km/h): 91
2024-09-26 15:57:02.606	[ALERT]:	BREAKS!! Speed decreased to (km/h): 90
2024-09-26 15:57:02.606	[ALERT]:	BREAKS!! Speed decreased to (km/h): 89
2024-09-26 15:57:02.606	[ALERT]:	BREAKS!! Speed decreased to (km/h): 88
2024-09-26 15:57:02.606	[ALERT]:	BREAKS!! Speed decreased to (km/h): 87
2024-09-26 15:57:02.607	[ALERT]:	BREAKS!! Speed decreased to (km/h): 86
2024-09-26 15:57:02.607	[ALERT]:	BREAKS!! Speed decreased to (km/h): 85
2024-09-26 15:57:02.607	[ALERT]:	BREAKS!! Speed decreased to (km/h): 84
2024-09-26 15:57:02.607	[ALERT]:	BREAKS!! Speed decreased to (km/h): 83
2024-09-26 15:57:02.608	[ALERT]:	BREAKS!! Speed decreased to (km/h): 82
2024-09-26 15:57:02.608	[ALERT]:	BREAKS!! Speed decreased to (km/h): 81
2024-09-26 15:57:02.608	[ALERT]:	BREAKS!! Speed decreased to (km/h): 80
2024-09-26 15:57:02.626	[ALERT]:	BREAKS!! Speed decreased to (km/h): 85
2024-09-26 15:57:02.627	[ALERT]:	BREAKS!! Speed decreased to (km/h): 84
2024-09-26 15:57:02.627	[ALERT]:	BREAKS!! Speed decreased to (km/h): 83
2024-09-26 15:57:02.627	[ALERT]:	BREAKS!! Speed decreased to (km/h): 82
2024-09-26 15:57:02.627	[ALERT]:	BREAKS!! Speed decreased to (km/h): 81
2024-09-26 15:57:02.627	[ALERT]:	BREAKS!! Speed decreased to (km/h): 80
2024-09-26 15:57:02.638	[ALERT]:	Battery temperature is critical! Initiating cooling...
0
2024-09-26 15:57:02.650	[ALERT]:	Battery temperature is critical! Initiating cooling...
0
2024-09-26 15:57:02.659	[ALERT]:	Battery temperature is critical! Initiating cooling...
0
2024-09-26 15:57:02.662	[ALERT]:	BREAKS!! Speed decreased to (km/h): -48
2024-09-26 15:57:02.662	[ALERT]:	BREAKS!! Speed decreased to (km/h): -47
2024-09-26 15:57:02.662	[ALERT]:	BREAKS!! Speed decreased to (km/h): -46
2024-09-26 15:57:02.663	[ALERT]:	BREAKS!! Speed decreased to (km/h): -45
2024-09-26 15:57:02.664	[ALERT]:	Battery temperature is critical! Initiating cooling...
0
2024-09-26 15:57:02.667	[ALERT]:	BREAKS!! Speed decreased to (km/h): 84
2024-09-26 15:57:02.667	[ALERT]:	BREAKS!! Speed decreased to (km/h): 83
2024-09-26 15:57:02.667	[ALERT]:	BREAKS!! Speed decreased to (km/h): 82
2024-09-26 15:57:02.667	[ALERT]:	BREAKS!! Speed decreased to (km/h): 81
2024-09-26 15:57:02.667	[ALERT]:	BREAKS!! Speed decreased to (km/h): 80
2024-09-26 15:57:02.692	[ALERT]:	Battery temperature is critical! Initiating cooling...
0
2024-09-26 15:57:02.695	[ALERT]:	BREAKS!! Speed decreased to (km/h): 93
2024-09-26 15:57:02.695	[ALERT]:	BREAKS!! Speed decreased to (km/h): 92
2024-09-26 15:57:02.695	[ALERT]:	BREAKS!! Speed decreased to (km/h): 91
2024-09-26 15:57:02.695	[ALERT]:	BREAKS!! Speed decreased to (km/h): 90
2024-09-26 15:57:02.695	[ALERT]:	BREAKS!! Speed decreased to (km/h): 89
2024-09-26 15:57:02.695	[ALERT]:	BREAKS!! Speed decreased to (km/h): 88
2024-09-26 15:57:02.695	[ALERT]:	BREAKS!! Speed decreased to (km/h): 87
2024-09-26 15:57:02.695	[ALERT]:	BREAKS!! Speed decreased to (km/h): 86
2024-09-26 15:57:02.696	[ALERT]:	BREAKS!! Speed decreased to (km/h): 85
2024-09-26 15:57:02.696	[ALERT]:	BREAKS!! Speed decreased to (km/h): 84
2024-09-26 15:57:02.696	[ALERT]:	BREAKS!! Speed decreased to (km/h): 83
2024-09-26 15:57:02.696	[ALERT]:	BREAKS!! Speed decreased to (km/h): 82
2024-09-26 15:57:02.696	[ALERT]:	BREAKS!! Speed decreased to (km/h): 81
2024-09-26 15:57:02.696	[ALERT]:	BREAKS!! Speed decreased to (km/h): 80
2024-09-26 15:57:02.699	[ALERT]:	Battery temperature is critical! Initiating cooling...
0
2024-09-26 15:57:02.712	[ALERT]:	BREAKS!! Speed decreased to (km/h): 83
2024-09-26 15:57:02.712	[ALERT]:	BREAKS!! Speed decreased to (km/h): 82
2024-09-26 15:57:02.713	[ALERT]:	BREAKS!! Speed decreased to (km/h): 81
2024-09-26 15:57:02.713	[ALERT]:	BREAKS!! Speed decreased to (km/h): 80
2024-09-26 15:57:02.730	[ALERT]:	Battery temperature is critical! Initiating cooling...
0
2024-09-26 15:57:02.744	[ALERT]:	Battery temperature is critical! Initiating cooling...
0
2024-09-26 15:57:02.785	[ALERT]:	BREAKS!! Speed decreased to (km/h): 89
2024-09-26 15:57:02.785	[ALERT]:	BREAKS!! Speed decreased to (km/h): 88
2024-09-26 15:57:02.785	[ALERT]:	BREAKS!! Speed decreased to (km/h): 87
2024-09-26 15:57:02.786	[ALERT]:	BREAKS!! Speed decreased to (km/h): 86
2024-09-26 15:57:02.786	[ALERT]:	BREAKS!! Speed decreased to (km/h): 85
2024-09-26 15:57:02.786	[ALERT]:	BREAKS!! Speed decreased to (km/h): 84
2024-09-26 15:57:02.786	[ALERT]:	BREAKS!! Speed decreased to (km/h): 83
2024-09-26 15:57:02.787	[ALERT]:	BREAKS!! Speed decreased to (km/h): 82
2024-09-26 15:57:02.787	[ALERT]:	BREAKS!! Speed decreased to (km/h): 81
2024-09-26 15:57:02.787	[ALERT]:	BREAKS!! Speed decreased to (km/h): 80
2024-09-26 15:57:02.794	[ALERT]:	Battery temperature is critical! Initiating cooling...
0
2024-09-26 15:57:02.813	[ALERT]:	BREAKS!! Speed decreased to (km/h): 83
2024-09-26 15:57:02.813	[ALERT]:	BREAKS!! Speed decreased to (km/h): 82
2024-09-26 15:57:02.813	[ALERT]:	BREAKS!! Speed decreased to (km/h): 81
2024-09-26 15:57:02.813	[ALERT]:	BREAKS!! Speed decreased to (km/h): 80
2024-09-26 15:57:02.820	[ALERT]:	Battery temperature is critical! Initiating cooling...
0
2024-09-26 15:57:02.824	[ALERT]:	BREAKS!! Speed decreased to (km/h): 88
2024-09-26 15:57:02.824	[ALERT]:	BREAKS!! Speed decreased to (km/h): 87
2024-09-26 15:57:02.824	[ALERT]:	BREAKS!! Speed decreased to (km/h): 86
2024-09-26 15:57:02.824	[ALERT]:	BREAKS!! Speed decreased to (km/h): 85
2024-09-26 15:57:02.824	[ALERT]:	BREAKS!! Speed decreased to (km/h): 84
2024-09-26 15:57:02.824	[ALERT]:	BREAKS!! Speed decreased to (km/h): 83
2024-09-26 15:57:02.825	[ALERT]:	BREAKS!! Speed decreased to (km/h): 82
2024-09-26 15:57:02.825	[ALERT]:	BREAKS!! Speed decreased to (km/h): 81
2024-09-26 15:57:02.825	[ALERT]:	BREAKS!! Speed decreased to (km/h): 80
2024-09-26 15:57:02.831	[ALERT]:	Battery temperature is critical! Initiating cooling...
0
2024-09-26 15:57:02.837	[ALERT]:	BREAKS!! Speed decreased to (km/h): 92
2024-09-26 15:57:02.837	[ALERT]:	BREAKS!! Speed decreased to (km/h): 91
2024-09-26 15:57:02.837	[ALERT]:	BREAKS!! Speed decreased to (km/h): 90
2024-09-26 15:57:02.837	[ALERT]:	BREAKS!! Speed decreased to (km/h): 89
2024-09-26 15:57:02.838	[ALERT]:	BREAKS!! Speed decreased to (km/h): 88
2024-09-26 15:57:02.838	[ALERT]:	BREAKS!! Speed decreased to (km/h): 87
2024-09-26 15:57:02.838	[ALERT]:	BREAKS!! Speed decreased to (km/h): 86
2024-09-26 15:57:02.838	[ALERT]:	BREAKS!! Speed decreased to (km/h): 85
2024-09-26 15:57:02.838	[ALERT]:	BREAKS!! Speed decreased to (km/h): 84
2024-09-26 15:57:02.838	[ALERT]:	BREAKS!! Speed decreased to (km/h): 83
2024-09-26 15:57:02.838	[ALERT]:	BREAKS!! Speed decreased to (km/h): 82
2024-09-26 15:57:02.838	[ALERT]:	BREAKS!! Speed decreased to (km/h): 81
2024-09-26 15:57:02.839	[ALERT]:	BREAKS!! Speed decreased to (km/h): 80
2024-09-26 15:57:02.850	[ALERT]:	BREAKS!! Speed decreased to (km/h): 89
2024-09-26 15:57:02.850	[ALERT]:	BREAKS!! Speed decreased to (km/h): 88
2024-09-26 15:57:02.850	[ALERT]:	BREAKS!! Speed decreased to (km/h): 87
2024-09-26 15:57:02.850	[ALERT]:	BREAKS!! Speed decreased to (km/h): 86
2024-09-26 15:57:02.850	[ALERT]:	BREAKS!! Speed decreased to (km/h): 85
2024-09-26 15:57:02.850	[ALERT]:	BREAKS!! Speed decreased to (km/h): 84
2024-09-26 15:57:02.851	[ALERT]:	BREAKS!! Speed decreased to (km/h): 83
2024-09-26 15:57:02.851	[ALERT]:	BREAKS!! Speed decreased to (km/h): 82
2024-09-26 15:57:02.851	[ALERT]:	BREAKS!! Speed decreased to (km/h): 81
2024-09-26 15:57:02.851	[ALERT]:	BREAKS!! Speed decreased to (km/h): 80
2024-09-26 15:57:02.852	[ALERT]:	Battery temperature is critical! Initiating cooling...
0
2024-09-26 15:57:02.853	[ALERT]:	BREAKS!! Speed decreased to (km/h): 92
2024-09-26 15:57:02.853	[ALERT]:	BREAKS!! Speed decreased to (km/h): 91
2024-09-26 15:57:02.853	[ALERT]:	BREAKS!! Speed decreased to (km/h): 90
2024-09-26 15:57:02.853	[ALERT]:	BREAKS!! Speed decreased to (km/h): 89
2024-09-26 15:57:02.853	[ALERT]:	BREAKS!! Speed decreased to (km/h): 88
2024-09-26 15:57:02.853	[ALERT]:	BREAKS!! Speed decreased to (km/h): 87
2024-09-26 15:57:02.854	[ALERT]:	BREAKS!! Speed decreased to (km/h): 86
2024-09-26 15:57:02.854	[ALERT]:	BREAKS!! Speed decreased to (km/h): 85
2024-09-26 15:57:02.854	[ALERT]:	BREAKS!! Speed decreased to (km/h): 84
2024-09-26 15:57:02.854	[ALERT]:	BREAKS!! Speed decreased to (km/h): 83
2024-09-26 15:57:02.854	[ALERT]:	BREAKS!! Speed decreased to (km/h): 82
2024-09-26 15:57:02.854	[ALERT]:	BREAKS!! Speed decreased to (km/h): 81
2024-09-26 15:57:02.854	[ALERT]:	BREAKS!! Speed decreased to (km/h): 80
2024-09-26 15:57:02.875	[ALERT]:	Battery temperature is critical! Initiating cooling...
0
2024-09-26 15:57:02.879	[ALERT]:	BREAKS!! Speed decreased to (km/h): 91
2024-09-26 15:57:02.879	[ALERT]:	BREAKS!! Speed decreased to (km/h): 90
2024-09-26 15:57:02.879	[ALERT]:	BREAKS!! Speed decreased to (km/h): 89
2024-09-26 15:57:02.879	[ALERT]:	BREAKS!! Speed decreased to (km/h): 88
2024-09-26 15:57:02.880	[ALERT]:	BREAKS!! Speed decreased to (km/h): 87
2024-09-26 15:57:02.880	[ALERT]:	BREAKS!! Speed decreased to (km/h): 86
2024-09-26 15:57:02.880	[ALERT]:	BREAKS!! Speed decreased to (km/h): 85
2024-09-26 15:57:02.880	[ALERT]:	BREAKS!! Speed decreased to (km/h): 84
2024-09-26 15:57:02.880	[ALERT]:	BREAKS!! Speed decreased to (km/h): 83
2024-09-26 15:57:02.880	[ALERT]:	BREAKS!! Speed decreased to (km/h): 82
2024-09-26 15:57:02.880	[ALERT]:	BREAKS!! Speed decreased to (km/h): 81
2024-09-26 15:57:02.881	[ALERT]:	BREAKS!! Speed decreased to (km/h): 80
2024-09-26 15:57:02.886	[ALERT]:	Battery temperature is critical! Initiating cooling...
0
2024-09-26 15:57:02.889	[ALERT]:	BREAKS!! Speed decreased to (km/h): -47
2024-09-26 15:57:02.889	[ALERT]:	BREAKS!! Speed decreased to (km/h): -46
2024-09-26 15:57:02.889	[ALERT]:	BREAKS!! Speed decreased to (km/h): -45
2024-09-26 15:57:02.892	[ALERT]:	BREAKS!! Speed decreased to (km/h): 85
2024-09-26 15:57:02.892	[ALERT]:	BREAKS!! Speed decreased to (km/h): 84
2024-09-26 15:57:02.892	[ALERT]:	BREAKS!! Speed decreased to (km/h): 83
2024-09-26 15:57:02.892	[ALERT]:	BREAKS!! Speed decreased to (km/h): 82
2024-09-26 15:57:02.892	[ALERT]:	BREAKS!! Speed decreased to (km/h): 81
2024-09-26 15:57:02.893	[ALERT]:	BREAKS!! Speed decreased to (km/h): 80
2024-09-26 15:57:02.904	[ALERT]:	BREAKS!! Speed decreased to (km/h): 96
2024-09-26 15:57:02.904	[ALERT]:	BREAKS!! Speed decreased to (km/h): 95
2024-09-26 15:57:02.904	[ALERT]:	BREAKS!! Speed decreased to (km/h): 94
2024-09-26 15:57:02.905	[ALERT]:	BREAKS!! Speed decreased to (km/h): 93
2024-09-26 15:57:02.905	[ALERT]:	BREAKS!! Speed decreased to (km/h): 92
2024-09-26 15:57:02.905	[ALERT]:	BREAKS!! Speed decreased to (km/h): 91
2024-09-26 15:57:02.905	[ALERT]:	BREAKS!! Speed decreased to (km/h): 90
2024-09-26 15:57:02.905	[ALERT]:	BREAKS!! Speed decreased to (km/h): 89
2024-09-26 15:57:02.905	[ALERT]:	BREAKS!! Speed decreased to (km/h): 88
2024-09-26 15:57:02.905	[ALERT]:	BREAKS!! Speed decreased to (km/h): 87
2024-09-26 15:57:02.905	[ALERT]:	BREAKS!! Speed decreased to (km/h): 86
2024-09-26 15:57:02.905	[ALERT]:	BREAKS!! Speed decreased to (km/h): 85
2024-09-26 15:57:02.906	[ALERT]:	BREAKS!! Speed decreased to (km/h): 84
2024-09-26 15:57:02.906	[ALERT]:	BREAKS!! Speed decreased to (km/h): 83
2024-09-26 15:57:02.906	[ALERT]:	BREAKS!! Speed decreased to (km/h): 82
2024-09-26 15:57:02.906	[ALERT]:	BREAKS!! Speed decreased to (km/h): 81
2024-09-26 15:57:02.906	[ALERT]:	BREAKS!! Speed decreased to (km/h): 80
2024-09-26 15:57:02.913	[ALERT]:	BREAKS!! Speed decreased to (km/h): 89
2024-09-26 15:57:02.914	[ALERT]:	BREAKS!! Speed decreased to (km/h): 88
2024-09-26 15:57:02.914	[ALERT]:	BREAKS!! Speed decreased to (km/h): 87
2024-09-26 15:57:02.914	[ALERT]:	BREAKS!! Speed decreased to (km/h): 86
2024-09-26 15:57:02.915	[ALERT]:	BREAKS!! Speed decreased to (km/h): 85
2024-09-26 15:57:02.915	[ALERT]:	BREAKS!! Speed decreased to (km/h): 84
2024-09-26 15:57:02.915	[ALERT]:	BREAKS!! Speed decreased to (km/h): 83
2024-09-26 15:57:02.915	[ALERT]:	BREAKS!! Speed decreased to (km/h): 82
2024-09-26 15:57:02.915	[ALERT]:	BREAKS!! Speed decreased to (km/h): 81
2024-09-26 15:57:02.916	[ALERT]:	BREAKS!! Speed decreased to (km/h): 80
2024-09-26 15:57:02.926	[ALERT]:	BREAKS!! Speed decreased to (km/h): 97
2024-09-26 15:57:02.926	[ALERT]:	BREAKS!! Speed decreased to (km/h): 96
2024-09-26 15:57:02.926	[ALERT]:	BREAKS!! Speed decreased to (km/h): 95
2024-09-26 15:57:02.927	[ALERT]:	BREAKS!! Speed decreased to (km/h): 94
2024-09-26 15:57:02.927	[ALERT]:	BREAKS!! Speed decreased to (km/h): 93
2024-09-26 15:57:02.927	[ALERT]:	BREAKS!! Speed decreased to (km/h): 92
2024-09-26 15:57:02.927	[ALERT]:	BREAKS!! Speed decreased to (km/h): 91
2024-09-26 15:57:02.927	[ALERT]:	BREAKS!! Speed decreased to (km/h): 90
2024-09-26 15:57:02.928	[ALERT]:	BREAKS!! Speed decreased to (km/h): 89
2024-09-26 15:57:02.928	[ALERT]:	BREAKS!! Speed decreased to (km/h): 88
2024-09-26 15:57:02.928	[ALERT]:	BREAKS!! Speed decreased to (km/h): 87
2024-09-26 15:57:02.928	[ALERT]:	BREAKS!! Speed decreased to (km/h): 86
2024-09-26 15:57:02.928	[ALERT]:	BREAKS!! Speed decreased to (km/h): 85
2024-09-26 15:57:02.929	[ALERT]:	BREAKS!! Speed decreased to (km/h): 84
2024-09-26 15:57:02.929	[ALERT]:	BREAKS!! Speed decreased to (km/h): 83
2024-09-26 15:57:02.929	[ALERT]:	BREAKS!! Speed decreased to (km/h): 82
2024-09-26 15:57:02.929	[ALERT]:	BREAKS!! Speed decreased to (km/h): 81
2024-09-26 15:57:02.929	[ALERT]:	BREAKS!! Speed decreased to (km/h): 80
2024-09-26 15:57:02.939	[ALERT]:	Battery temperature is critical! Initiating cooling...
0
2024-09-26 15:57:02.958	[ALERT]:	Battery temperature is critical! Initiating cooling...
0
2024-09-26 15:57:02.966	[ALERT]:	BREAKS!! Speed decreased to (km/h): 96
2024-09-26 15:57:02.966	[ALERT]:	BREAKS!! Speed decreased to (km/h): 95
2024-09-26 15:57:02.966	[ALERT]:	BREAKS!! Speed decreased to (km/h): 94
2024-09-26 15:57:02.966	[ALERT]:	BREAKS!! Speed decreased to (km/h): 93
2024-09-26 15:57:02.966	[ALERT]:	BREAKS!! Speed decreased to (km/h): 92
2024-09-26 15:57:02.966	[ALERT]:	BREAKS!! Speed decreased to (km/h): 91
2024-09-26 15:57:02.967	[ALERT]:	BREAKS!! Speed decreased to (km/h): 90
2024-09-26 15:57:02.967	[ALERT]:	BREAKS!! Speed decreased to (km/h): 89
2024-09-26 15:57:02.967	[ALERT]:	BREAKS!! Speed decreased to (km/h): 88
2024-09-26 15:57:02.967	[ALERT]:	BREAKS!! Speed decreased to (km/h): 87
2024-09-26 15:57:02.967	[ALERT]:	BREAKS!! Speed decreased to (km/h): 86
2024-09-26 15:57:02.967	[ALERT]:	BREAKS!! Speed decreased to (km/h): 85
2024-09-26 15:57:02.967	[ALERT]:	BREAKS!! Speed decreased to (km/h): 84
2024-09-26 15:57:02.968	[ALERT]:	BREAKS!! Speed decreased to (km/h): 83
2024-09-26 15:57:02.968	[ALERT]:	BREAKS!! Speed decreased to (km/h): 82
2024-09-26 15:57:02.968	[ALERT]:	BREAKS!! Speed decreased to (km/h): 81
2024-09-26 15:57:02.968	[ALERT]:	BREAKS!! Speed decreased to (km/h): 80
2024-09-26 15:57:02.975	[ALERT]:	BREAKS!! Speed decreased to (km/h): 95
2024-09-26 15:57:02.975	[ALERT]:	BREAKS!! Speed decreased to (km/h): 94
2024-09-26 15:57:02.975	[ALERT]:	BREAKS!! Speed decreased to (km/h): 93
2024-09-26 15:57:02.975	[ALERT]:	BREAKS!! Speed decreased to (km/h): 92
2024-09-26 15:57:02.975	[ALERT]:	BREAKS!! Speed decreased to (km/h): 91
2024-09-26 15:57:02.975	[ALERT]:	BREAKS!! Speed decreased to (km/h): 90
2024-09-26 15:57:02.976	[ALERT]:	BREAKS!! Speed decreased to (km/h): 89
2024-09-26 15:57:02.976	[ALERT]:	BREAKS!! Speed decreased to (km/h): 88
2024-09-26 15:57:02.976	[ALERT]:	BREAKS!! Speed decreased to (km/h): 87
2024-09-26 15:57:02.976	[ALERT]:	BREAKS!! Speed decreased to (km/h): 86
2024-09-26 15:57:02.976	[ALERT]:	BREAKS!! Speed decreased to (km/h): 85
2024-09-26 15:57:02.976	[ALERT]:	BREAKS!! Speed decreased to (km/h): 84
2024-09-26 15:57:02.976	[ALERT]:	BREAKS!! Speed decreased to (km/h): 83
2024-09-26 15:57:02.976	[ALERT]:	BREAKS!! Speed decreased to (km/h): 82
2024-09-26 15:57:02.977	[ALERT]:	BREAKS!! Speed decreased to (km/h): 81
2024-09-26 15:57:02.977	[ALERT]:	BREAKS!! Speed decreased to (km/h): 80
2024-09-26 15:57:02.982	[ALERT]:	BREAKS!! Speed decreased to (km/h): 90
2024-09-26 15:57:02.982	[ALERT]:	BREAKS!! Speed decreased to (km/h): 89
2024-09-26 15:57:02.983	[ALERT]:	BREAKS!! Speed decreased to (km/h): 88
2024-09-26 15:57:02.983	[ALERT]:	BREAKS!! Speed decreased to (km/h): 87
2024-09-26 15:57:02.983	[ALERT]:	BREAKS!! Speed decreased to (km/h): 86
2024-09-26 15:57:02.983	[ALERT]:	BREAKS!! Speed decreased to (km/h): 85
2024-09-26 15:57:02.983	[ALERT]:	BREAKS!! Speed decreased to (km/h): 84
2024-09-26 15:57:02.983	[ALERT]:	BREAKS!! Speed decreased to (km/h): 83
2024-09-26 15:57:02.983	[ALERT]:	BREAKS!! Speed decreased to (km/h): 82
2024-09-26 15:57:02.983	[ALERT]:	BREAKS!! Speed decreased to (km/h): 81
2024-09-26 15:57:02.984	[ALERT]:	BREAKS!! Speed decreased to (km/h): 80
2024-09-26 15:57:02.985	[ALERT]:	Battery temperature is critical! Initiating cooling...
0
2024-09-26 15:57:02.988	[ALERT]:	Battery temperature is critical! Initiating cooling...
0
2024-09-26 15:57:03.002	[ALERT]:	Battery temperature is critical! Initiating cooling...
0
2024-09-26 15:57:03.010	[ALERT]:	BREAKS!! Speed decreased to (km/h): 96
2024-09-26 15:57:03.010	[ALERT]:	BREAKS!! Speed decreased to (km/h): 95
2024-09-26 15:57:03.011	[ALERT]:	BREAKS!! Speed decreased to (km/h): 94
2024-09-26 15:57:03.011	[ALERT]:	BREAKS!! Speed decreased to (km/h): 93
2024-09-26 15:57:03.011	[ALERT]:	BREAKS!! Speed decreased to (km/h): 92
2024-09-26 15:57:03.011	[ALERT]:	BREAKS!! Speed decreased to (km/h): 91
2024-09-26 15:57:03.011	[ALERT]:	BREAKS!! Speed decreased to (km/h): 90
2024-09-26 15:57:03.011	[ALERT]:	BREAKS!! Speed decreased to (km/h): 89
2024-09-26 15:57:03.011	[ALERT]:	BREAKS!! Speed decreased to (km/h): 88
2024-09-26 15:57:03.011	[ALERT]:	BREAKS!! Speed decreased to (km/h): 87
2024-09-26 15:57:03.012	[ALERT]:	BREAKS!! Speed decreased to (km/h): 86
2024-09-26 15:57:03.012	[ALERT]:	BREAKS!! Speed decreased to (km/h): 85
2024-09-26 15:57:03.012	[ALERT]:	BREAKS!! Speed decreased to (km/h): 84
2024-09-26 15:57:03.012	[ALERT]:	BREAKS!! Speed decreased to (km/h): 83
2024-09-26 15:57:03.012	[ALERT]:	BREAKS!! Speed decreased to (km/h): 82
2024-09-26 15:57:03.012	[ALERT]:	BREAKS!! Speed decreased to (km/h): 81
2024-09-26 15:57:03.012	[ALERT]:	BREAKS!! Speed decreased to (km/h): 80
2024-09-26 15:57:03.017	[ALERT]:	Battery temperature is critical! Initiating cooling...
0
2024-09-26 15:57:03.017	[ALERT]:	BREAKS!! Speed decreased to (km/h): -47
2024-09-26 15:57:03.017	[ALERT]:	BREAKS!! Speed decreased to (km/h): -46
2024-09-26 15:57:03.017	[ALERT]:	BREAKS!! Speed decreased to (km/h): -45
2024-09-26 15:57:03.020	[ALERT]:	Battery temperature is critical! Initiating cooling...
0
2024-09-26 15:57:03.024	[ALERT]:	Battery temperature is critical! Initiating cooling...
0
2024-09-26 15:57:03.025	[ALERT]:	BREAKS!! Speed decreased to (km/h): 98
2024-09-26 15:57:03.025	[ALERT]:	BREAKS!! Speed decreased to (km/h): 97
2024-09-26 15:57:03.026	[ALERT]:	BREAKS!! Speed decreased to (km/h): 96
2024-09-26 15:57:03.026	[ALERT]:	BREAKS!! Speed decreased to (km/h): 95
2024-09-26 15:57:03.026	[ALERT]:	BREAKS!! Speed decreased to (km/h): 94
2024-09-26 15:57:03.026	[ALERT]:	BREAKS!! Speed decreased to (km/h): 93
2024-09-26 15:57:03.026	[ALERT]:	BREAKS!! Speed decreased to (km/h): 92
2024-09-26 15:57:03.026	[ALERT]:	BREAKS!! Speed decreased to (km/h): 91
2024-09-26 15:57:03.026	[ALERT]:	BREAKS!! Speed decreased to (km/h): 90
2024-09-26 15:57:03.026	[ALERT]:	BREAKS!! Speed decreased to (km/h): 89
2024-09-26 15:57:03.026	[ALERT]:	BREAKS!! Speed decreased to (km/h): 88
2024-09-26 15:57:03.027	[ALERT]:	BREAKS!! Speed decreased to (km/h): 87
2024-09-26 15:57:03.027	[ALERT]:	BREAKS!! Speed decreased to (km/h): 86
2024-09-26 15:57:03.027	[ALERT]:	BREAKS!! Speed decreased to (km/h): 85
2024-09-26 15:57:03.027	[ALERT]:	BREAKS!! Speed decreased to (km/h): 84
2024-09-26 15:57:03.027	[ALERT]:	BREAKS!! Speed decreased to (km/h): 83
2024-09-26 15:57:03.027	[ALERT]:	BREAKS!! Speed decreased to (km/h): 82
2024-09-26 15:57:03.027	[ALERT]:	BREAKS!! Speed decreased to (km/h): 81
2024-09-26 15:57:03.027	[ALERT]:	BREAKS!! Speed decreased to (km/h): 80
2024-09-26 15:57:03.040	[ALERT]:	Battery temperature is critical! Initiating cooling...
0
2024-09-26 15:57:03.050	[ALERT]:	BREAKS!! Speed decreased to (km/h): 94
2024-09-26 15:57:03.050	[ALERT]:	BREAKS!! Speed decreased to (km/h): 93
2024-09-26 15:57:03.050	[ALERT]:	BREAKS!! Speed decreased to (km/h): 92
2024-09-26 15:57:03.050	[ALERT]:	BREAKS!! Speed decreased to (km/h): 91
2024-09-26 15:57:03.051	[ALERT]:	BREAKS!! Speed decreased to (km/h): 90
2024-09-26 15:57:03.051	[ALERT]:	BREAKS!! Speed decreased to (km/h): 89
2024-09-26 15:57:03.051	[ALERT]:	BREAKS!! Speed decreased to (km/h): 88
2024-09-26 15:57:03.051	[ALERT]:	BREAKS!! Speed decreased to (km/h): 87
2024-09-26 15:57:03.051	[ALERT]:	BREAKS!! Speed decreased to (km/h): 86
2024-09-26 15:57:03.051	[ALERT]:	BREAKS!! Speed decreased to (km/h): 85
2024-09-26 15:57:03.051	[ALERT]:	BREAKS!! Speed decreased to (km/h): 84
2024-09-26 15:57:03.051	[ALERT]:	BREAKS!! Speed decreased to (km/h): 83
2024-09-26 15:57:03.052	[ALERT]:	BREAKS!! Speed decreased to (km/h): 82
2024-09-26 15:57:03.052	[ALERT]:	BREAKS!! Speed decreased to (km/h): 81
2024-09-26 15:57:03.052	[ALERT]:	BREAKS!! Speed decreased to (km/h): 80
2024-09-26 15:57:03.087	[ALERT]:	BREAKS!! Speed decreased to (km/h): 95
2024-09-26 15:57:03.087	[ALERT]:	BREAKS!! Speed decreased to (km/h): 94
2024-09-26 15:57:03.087	[ALERT]:	BREAKS!! Speed decreased to (km/h): 93
2024-09-26 15:57:03.087	[ALERT]:	BREAKS!! Speed decreased to (km/h): 92
2024-09-26 15:57:03.087	[ALERT]:	BREAKS!! Speed decreased to (km/h): 91
2024-09-26 15:57:03.088	[ALERT]:	BREAKS!! Speed decreased to (km/h): 90
2024-09-26 15:57:03.088	[ALERT]:	BREAKS!! Speed decreased to (km/h): 89
2024-09-26 15:57:03.088	[ALERT]:	BREAKS!! Speed decreased to (km/h): 88
2024-09-26 15:57:03.088	[ALERT]:	BREAKS!! Speed decreased to (km/h): 87
2024-09-26 15:57:03.088	[ALERT]:	BREAKS!! Speed decreased to (km/h): 86
2024-09-26 15:57:03.088	[ALERT]:	BREAKS!! Speed decreased to (km/h): 85
2024-09-26 15:57:03.088	[ALERT]:	BREAKS!! Speed decreased to (km/h): 84
2024-09-26 15:57:03.088	[ALERT]:	BREAKS!! Speed decreased to (km/h): 83
2024-09-26 15:57:03.089	[ALERT]:	BREAKS!! Speed decreased to (km/h): 82
2024-09-26 15:57:03.089	[ALERT]:	BREAKS!! Speed decreased to (km/h): 81
2024-09-26 15:57:03.089	[ALERT]:	BREAKS!! Speed decreased to (km/h): 80
2024-09-26 15:57:03.091	[ALERT]:	Battery temperature is critical! Initiating cooling...
0
2024-09-26 15:57:03.104	[ALERT]:	BREAKS!! Speed decreased to (km/h): 94
2024-09-26 15:57:03.104	[ALERT]:	BREAKS!! Speed decreased to (km/h): 93
2024-09-26 15:57:03.104	[ALERT]:	BREAKS!! Speed decreased to (km/h): 92
2024-09-26 15:57:03.104	[ALERT]:	BREAKS!! Speed decreased to (km/h): 91
2024-09-26 15:57:03.104	[ALERT]:	BREAKS!! Speed decreased to (km/h): 90
2024-09-26 15:57:03.105	[ALERT]:	BREAKS!! Speed decreased to (km/h): 89
2024-09-26 15:57:03.105	[ALERT]:	BREAKS!! Speed decreased to (km/h): 88
2024-09-26 15:57:03.105	[ALERT]:	BREAKS!! Speed decreased to (km/h): 87
2024-09-26 15:57:03.105	[ALERT]:	BREAKS!! Speed decreased to (km/h): 86
2024-09-26 15:57:03.105	[ALERT]:	BREAKS!! Speed decreased to (km/h): 85
2024-09-26 15:57:03.105	[ALERT]:	BREAKS!! Speed decreased to (km/h): 84
2024-09-26 15:57:03.105	[ALERT]:	BREAKS!! Speed decreased to (km/h): 83
2024-09-26 15:57:03.105	[ALERT]:	BREAKS!! Speed decreased to (km/h): 82
2024-09-26 15:57:03.106	[ALERT]:	BREAKS!! Speed decreased to (km/h): 81
2024-09-26 15:57:03.106	[ALERT]:	BREAKS!! Speed decreased to (km/h): 80
2024-09-26 15:57:03.118	[ALERT]:	BREAKS!! Speed decreased to (km/h): 99
2024-09-26 15:57:03.118	[ALERT]:	BREAKS!! Speed decreased to (km/h): 98
2024-09-26 15:57:03.118	[ALERT]:	BREAKS!! Speed decreased to (km/h): 97
2024-09-26 15:57:03.118	[ALERT]:	BREAKS!! Speed decreased to (km/h): 96
2024-09-26 15:57:03.118	[ALERT]:	BREAKS!! Speed decreased to (km/h): 95
2024-09-26 15:57:03.118	[ALERT]:	BREAKS!! Speed decreased to (km/h): 94
2024-09-26 15:57:03.118	[ALERT]:	BREAKS!! Speed decreased to (km/h): 93
2024-09-26 15:57:03.118	[ALERT]:	BREAKS!! Speed decreased to (km/h): 92
2024-09-26 15:57:03.119	[ALERT]:	BREAKS!! Speed decreased to (km/h): 91
2024-09-26 15:57:03.119	[ALERT]:	BREAKS!! Speed decreased to (km/h): 90
2024-09-26 15:57:03.119	[ALERT]:	BREAKS!! Speed decreased to (km/h): 89
2024-09-26 15:57:03.119	[ALERT]:	BREAKS!! Speed decreased to (km/h): 88
2024-09-26 15:57:03.119	[ALERT]:	BREAKS!! Speed decreased to (km/h): 87
2024-09-26 15:57:03.119	[ALERT]:	BREAKS!! Speed decreased to (km/h): 86
2024-09-26 15:57:03.119	[ALERT]:	BREAKS!! Speed decreased to (km/h): 85
2024-09-26 15:57:03.119	[ALERT]:	BREAKS!! Speed decreased to (km/h): 84
2024-09-26 15:57:03.120	[ALERT]:	BREAKS!! Speed decreased to (km/h): 83
2024-09-26 15:57:03.120	[ALERT]:	BREAKS!! Speed decreased to (km/h): 82
2024-09-26 15:57:03.120	[ALERT]:	BREAKS!! Speed decreased to (km/h): 81
2024-09-26 15:57:03.120	[ALERT]:	BREAKS!! Speed decreased to (km/h): 80
2024-09-26 15:57:03.124	[ALERT]:	BREAKS!! Speed decreased to (km/h): 95
2024-09-26 15:57:03.124	[ALERT]:	BREAKS!! Speed decreased to (km/h): 94
2024-09-26 15:57:03.124	[ALERT]:	BREAKS!! Speed decreased to (km/h): 93
2024-09-26 15:57:03.124	[ALERT]:	BREAKS!! Speed decreased to (km/h): 92
2024-09-26 15:57:03.124	[ALERT]:	BREAKS!! Speed decreased to (km/h): 91
2024-09-26 15:57:03.124	[ALERT]:	BREAKS!! Speed decreased to (km/h): 90
2024-09-26 15:57:03.124	[ALERT]:	BREAKS!! Speed decreased to (km/h): 89
2024-09-26 15:57:03.124	[ALERT]:	BREAKS!! Speed decreased to (km/h): 88
2024-09-26 15:57:03.125	[ALERT]:	BREAKS!! Speed decreased to (km/h): 87
2024-09-26 15:57:03.125	[ALERT]:	BREAKS!! Speed decreased to (km/h): 86
2024-09-26 15:57:03.125	[ALERT]:	BREAKS!! Speed decreased to (km/h): 85
2024-09-26 15:57:03.125	[ALERT]:	BREAKS!! Speed decreased to (km/h): 84
2024-09-26 15:57:03.125	[ALERT]:	BREAKS!! Speed decreased to (km/h): 83
2024-09-26 15:57:03.125	[ALERT]:	BREAKS!! Speed decreased to (km/h): 82
2024-09-26 15:57:03.125	[ALERT]:	BREAKS!! Speed decreased to (km/h): 81
2024-09-26 15:57:03.125	[ALERT]:	BREAKS!! Speed decreased to (km/h): 80
2024-09-26 15:57:03.131	[ALERT]:	Battery temperature is critical! Initiating cooling...
0
2024-09-26 15:57:03.136	[ALERT]:	Battery temperature is critical! Initiating cooling...
0
2024-09-26 15:57:03.137	[ALERT]:	BREAKS!! Speed decreased to (km/h): 93
2024-09-26 15:57:03.137	[ALERT]:	BREAKS!! Speed decreased to (km/h): 92
2024-09-26 15:57:03.137	[ALERT]:	BREAKS!! Speed decreased to (km/h): 91
2024-09-26 15:57:03.137	[ALERT]:	BREAKS!! Speed decreased to (km/h): 90
2024-09-26 15:57:03.137	[ALERT]:	BREAKS!! Speed decreased to (km/h): 89
2024-09-26 15:57:03.137	[ALERT]:	BREAKS!! Speed decreased to (km/h): 88
2024-09-26 15:57:03.137	[ALERT]:	BREAKS!! Speed decreased to (km/h): 87
2024-09-26 15:57:03.137	[ALERT]:	BREAKS!! Speed decreased to (km/h): 86
2024-09-26 15:57:03.138	[ALERT]:	BREAKS!! Speed decreased to (km/h): 85
2024-09-26 15:57:03.138	[ALERT]:	BREAKS!! Speed decreased to (km/h): 84
2024-09-26 15:57:03.138	[ALERT]:	BREAKS!! Speed decreased to (km/h): 83
2024-09-26 15:57:03.138	[ALERT]:	BREAKS!! Speed decreased to (km/h): 82
2024-09-26 15:57:03.138	[ALERT]:	BREAKS!! Speed decreased to (km/h): 81
2024-09-26 15:57:03.138	[ALERT]:	BREAKS!! Speed decreased to (km/h): 80
2024-09-26 15:57:03.146	[ALERT]:	Battery temperature is critical! Initiating cooling...
0
2024-09-26 15:57:03.153	[ALERT]:	BREAKS!! Speed decreased to (km/h): 81
2024-09-26 15:57:03.153	[ALERT]:	BREAKS!! Speed decreased to (km/h): 80
2024-09-26 15:57:03.155	[ALERT]:	BREAKS!! Speed decreased to (km/h): -45
2024-09-26 15:57:03.166	[ALERT]:	BREAKS!! Speed decreased to (km/h): 83
2024-09-26 15:57:03.166	[ALERT]:	BREAKS!! Speed decreased to (km/h): 82
2024-09-26 15:57:03.166	[ALERT]:	BREAKS!! Speed decreased to (km/h): 81
2024-09-26 15:57:03.166	[ALERT]:	BREAKS!! Speed decreased to (km/h): 80
2024-09-26 15:57:03.168	[ALERT]:	BREAKS!! Speed decreased to (km/h): 85
2024-09-26 15:57:03.169	[ALERT]:	BREAKS!! Speed decreased to (km/h): 84
2024-09-26 15:57:03.169	[ALERT]:	BREAKS!! Speed decreased to (km/h): 83
2024-09-26 15:57:03.169	[ALERT]:	BREAKS!! Speed decreased to (km/h): 82
2024-09-26 15:57:03.169	[ALERT]:	BREAKS!! Speed decreased to (km/h): 81
2024-09-26 15:57:03.169	[ALERT]:	BREAKS!! Speed decreased to (km/h): 80
2024-09-26 15:57:03.171	[ALERT]:	BREAKS!! Speed decreased to (km/h): 80
2024-09-26 15:57:03.173	[ALERT]:	BREAKS!! Speed decreased to (km/h): 85
2024-09-26 15:57:03.173	[ALERT]:	BREAKS!! Speed decreased to (km/h): 84
2024-09-26 15:57:03.173	[ALERT]:	BREAKS!! Speed decreased to (km/h): 83
2024-09-26 15:57:03.174	[ALERT]:	BREAKS!! Speed decreased to (km/h): 82
2024-09-26 15:57:03.174	[ALERT]:	BREAKS!! Speed decreased to (km/h): 81
2024-09-26 15:57:03.174	[ALERT]:	BREAKS!! Speed decreased to (km/h): 80
2024-09-26 15:57:03.192	[ALERT]:	Battery temperature is critical! Initiating cooling...
0
2024-09-26 15:57:03.194	[ALERT]:	BREAKS!! Speed decreased to (km/h): 81
2024-09-26 15:57:03.194	[ALERT]:	BREAKS!! Speed decreased to (km/h): 80
2024-09-26 15:57:03.196	[ALERT]:	Battery temperature is critical! Initiating cooling...
0
2024-09-26 15:57:03.202	[ALERT]:	Battery temperature is critical! Initiating cooling...
0
2024-09-26 15:57:03.208	[ALERT]:	Battery temperature is critical! Initiating cooling...
0
2024-09-26 15:57:03.212	[ALERT]:	BREAKS!! Speed decreased to (km/h): 95
2024-09-26 15:57:03.212	[ALERT]:	BREAKS!! Speed decreased to (km/h): 94
2024-09-26 15:57:03.212	[ALERT]:	BREAKS!! Speed decreased to (km/h): 93
2024-09-26 15:57:03.212	[ALERT]:	BREAKS!! Speed decreased to (km/h): 92
2024-09-26 15:57:03.212	[ALERT]:	BREAKS!! Speed decreased to (km/h): 91
2024-09-26 15:57:03.212	[ALERT]:	BREAKS!! Speed decreased to (km/h): 90
2024-09-26 15:57:03.212	[ALERT]:	BREAKS!! Speed decreased to (km/h): 89
2024-09-26 15:57:03.212	[ALERT]:	BREAKS!! Speed decreased to (km/h): 88
2024-09-26 15:57:03.213	[ALERT]:	BREAKS!! Speed decreased to (km/h): 87
2024-09-26 15:57:03.213	[ALERT]:	BREAKS!! Speed decreased to (km/h): 86
2024-09-26 15:57:03.213	[ALERT]:	BREAKS!! Speed decreased to (km/h): 85
2024-09-26 15:57:03.213	[ALERT]:	BREAKS!! Speed decreased to (km/h): 84
2024-09-26 15:57:03.213	[ALERT]:	BREAKS!! Speed decreased to (km/h): 83
2024-09-26 15:57:03.213	[ALERT]:	BREAKS!! Speed decreased to (km/h): 82
2024-09-26 15:57:03.213	[ALERT]:	BREAKS!! Speed decreased to (km/h): 81
2024-09-26 15:57:03.213	[ALERT]:	BREAKS!! Speed decreased to (km/h): 80
2024-09-26 15:57:03.217	[ALERT]:	BREAKS!! Speed decreased to (km/h): 93
2024-09-26 15:57:03.217	[ALERT]:	BREAKS!! Speed decreased to (km/h): 92
2024-09-26 15:57:03.217	[ALERT]:	BREAKS!! Speed decreased to (km/h): 91
2024-09-26 15:57:03.217	[ALERT]:	BREAKS!! Speed decreased to (km/h): 90
2024-09-26 15:57:03.217	[ALERT]:	BREAKS!! Speed decreased to (km/h): 89
2024-09-26 15:57:03.217	[ALERT]:	BREAKS!! Speed decreased to (km/h): 88
2024-09-26 15:57:03.218	[ALERT]:	BREAKS!! Speed decreased to (km/h): 87
2024-09-26 15:57:03.218	[ALERT]:	BREAKS!! Speed decreased to (km/h): 86
2024-09-26 15:57:03.218	[ALERT]:	BREAKS!! Speed decreased to (km/h): 85
2024-09-26 15:57:03.218	[ALERT]:	BREAKS!! Speed decreased to (km/h): 84
2024-09-26 15:57:03.218	[ALERT]:	BREAKS!! Speed decreased to (km/h): 83
2024-09-26 15:57:03.219	[ALERT]:	BREAKS!! Speed decreased to (km/h): 82
2024-09-26 15:57:03.219	[ALERT]:	BREAKS!! Speed decreased to (km/h): 81
