2024-09-26 15:57:02.343	[ANALYSIS]:	Begin loop number 1
2024-09-26 15:57:02.348	[ANALYSIS]:	End loop number 1
2024-09-26 15:57:02.348	[ANALYSIS]:	Begin loop number 2
2024-09-26 15:57:02.353	[ANALYSIS]:	End loop number 2
2024-09-26 15:57:02.353	[ANALYSIS]:	Begin loop number 3
2024-09-26 15:57:02.358	[ANALYSIS]:	End loop number 3
2024-09-26 15:57:02.358	[ANALYSIS]:	Begin loop number 4
2024-09-26 15:57:02.363	[ANALYSIS]:	End loop number 4
2024-09-26 15:57:02.363	[ANALYSIS]:	Begin loop number 5
2024-09-26 15:57:02.368	[ANALYSIS]:	End loop number 5
2024-09-26 15:57:02.369	[ANALYSIS]:	Begin loop number 6
2024-09-26 15:57:02.375	[ANALYSIS]:	End loop number 6
2024-09-26 15:57:02.375	[ANALYSIS]:	Begin loop number 7
2024-09-26 15:57:02.380	[ANALYSIS]:	End loop number 7
2024-09-26 15:57:02.380	[ANALYSIS]:	Begin loop number 8
2024-09-26 15:57:02.385	[ANALYSIS]:	End loop number 8
2024-09-26 15:57:02.386	[ANALYSIS]:	Begin loop number 9
2024-09-26 15:57:02.390	[ANALYSIS]:	End loop number 9
2024-09-26 15:57:02.390	[ANALYSIS]:	Begin loop number 10
2024-09-26 15:57:02.396	[ANALYSIS]:	End loop number 10
2024-09-26 15:57:02.396	[ANALYSIS]:	Begin loop number 11
2024-09-26 15:57:02.401	[ANALYSIS]:	End loop number 11
2024-09-26 15:57:02.401	[ANALYSIS]:	Begin loop number 12
2024-09-26 15:57:02.406	[ANALYSIS]:	End loop number 12
2024-09-26 15:57:02.406	[ANALYSIS]:	Begin loop number 13
2024-09-26 15:57:02.411	[ANALYSIS]:	End loop number 13
2024-09-26 15:57:02.411	[ANALYSIS]:	Begin loop number 14
2024-09-26 15:57:02.415	[ANALYSIS]:	End loop number 14
2024-09-26 15:57:02.415	[ANALYSIS]:	Begin loop number 15
2024-09-26 15:57:02.419	[ANALYSIS]:	End loop number 15
2024-09-26 15:57:02.419	[ANALYSIS]:	Begin loop number 16
2024-09-26 15:57:02.424	[ANALYSIS]:	End loop number 16
2024-09-26 15:57:02.424	[ANALYSIS]:	Begin loop number 17
2024-09-26 15:57:02.433	[ANALYSIS]:	End loop number 17
2024-09-26 15:57:02.433	[ANALYSIS]:	Begin loop number 18
2024-09-26 15:57:02.438	[ANALYSIS]:	End loop number 18
2024-09-26 15:57:02.439	[ANALYSIS]:	Begin loop number 19
2024-09-26 15:57:02.443	[ANALYSIS]:	End loop number 19
2024-09-26 15:57:02.443	[ANALYSIS]:	Begin loop number 20
2024-09-26 15:57:02.448	[ANALYSIS]:	End loop number 20
2024-09-26 15:57:02.449	[ANALYSIS]:	Begin loop number 21
2024-09-26 15:57:02.455	[ANALYSIS]:	End loop number 21
2024-09-26 15:57:02.455	[ANALYSIS]:	Begin loop number 22
2024-09-26 15:57:02.460	[ANALYSIS]:	End loop number 22
2024-09-26 15:57:02.460	[ANALYSIS]:	Begin loop number 23
2024-09-26 15:57:02.465	[ANALYSIS]:	End loop number 23
2024-09-26 15:57:02.466	[ANALYSIS]:	Begin loop number 24
2024-09-26 15:57:02.470	[ANALYSIS]:	End loop number 24
2024-09-26 15:57:02.471	[ANALYSIS]:	Begin loop number 25
2024-09-26 15:57:02.476	[ANALYSIS]:	End loop number 25
2024-09-26 15:57:02.476	[ANALYSIS]:	Begin loop number 26
2024-09-26 15:57:02.481	[ANALYSIS]:	End loop number 26
2024-09-26 15:57:02.481	[ANALYSIS]:	Begin loop number 27
2024-09-26 15:57:02.486	[ANALYSIS]:	End loop number 27
2024-09-26 15:57:02.486	[ANALYSIS]:	Begin loop number 28
2024-09-26 15:57:02.491	[ANALYSIS]:	End loop number 28
2024-09-26 15:57:02.491	[ANALYSIS]:	Begin loop number 29
2024-09-26 15:57:02.496	[ANALYSIS]:	End loop number 29
2024-09-26 15:57:02.496	[ANALYSIS]:	Begin loop number 30
2024-09-26 15:57:02.503	[ANALYSIS]:	End loop number 30
2024-09-26 15:57:02.503	[ANALYSIS]:	Begin loop number 31
2024-09-26 15:57:02.508	[ANALYSIS]:	End loop number 31
2024-09-26 15:57:02.508	[ANALYSIS]:	Begin loop number 32
2024-09-26 15:57:02.513	[ANALYSIS]:	End loop number 32
2024-09-26 15:57:02.513	[ANALYSIS]:	Begin loop number 33
2024-09-26 15:57:02.518	[ANALYSIS]:	End loop number 33
2024-09-26 15:57:02.518	[ANALYSIS]:	Begin loop number 34
2024-09-26 15:57:02.525	[ANALYSIS]:	End loop number 34
2024-09-26 15:57:02.525	[ANALYSIS]:	Begin loop number 35
2024-09-26 15:57:02.530	[ANALYSIS]:	End loop number 35
2024-09-26 15:57:02.530	[ANALYSIS]:	Begin loop number 36
2024-09-26 15:57:02.535	[ANALYSIS]:	End loop number 36
2024-09-26 15:57:02.535	[ANALYSIS]:	Begin loop number 37
2024-09-26 15:57:02.544	[ANALYSIS]:	End loop number 37
2024-09-26 15:57:02.544	[ANALYSIS]:	Begin loop number 38
2024-09-26 15:57:02.549	[ANALYSIS]:	End loop number 38
2024-09-26 15:57:02.550	[ANALYSIS]:	Begin loop number 39
2024-09-26 15:57:02.555	[ANALYSIS]:	End loop number 39
2024-09-26 15:57:02.555	[ANALYSIS]:	Begin loop number 40
2024-09-26 15:57:02.558	[ANALYSIS]:	End loop number 40
2024-09-26 15:57:02.558	[ANALYSIS]:	Begin loop number 41
2024-09-26 15:57:02.561	[ANALYSIS]:	End loop number 41
2024-09-26 15:57:02.561	[ANALYSIS]:	Begin loop number 42
2024-09-26 15:57:02.564	[ANALYSIS]:	End loop number 42
2024-09-26 15:57:02.564	[ANALYSIS]:	Begin loop number 43
2024-09-26 15:57:02.567	[ANALYSIS]:	End loop number 43
2024-09-26 15:57:02.567	[ANALYSIS]:	Begin loop number 44
2024-09-26 15:57:02.569	[ANALYSIS]:	End loop number 44
2024-09-26 15:57:02.569	[ANALYSIS]:	Begin loop number 45
2024-09-26 15:57:02.571	[ANALYSIS]:	End loop number 45
2024-09-26 15:57:02.571	[ANALYSIS]:	Begin loop number 46
2024-09-26 15:57:02.575	[ANALYSIS]:	End loop number 46
2024-09-26 15:57:02.575	[ANALYSIS]:	Begin loop number 47
2024-09-26 15:57:02.578	[ANALYSIS]:	End loop number 47
2024-09-26 15:57:02.578	[ANALYSIS]:	Begin loop number 48
2024-09-26 15:57:02.580	[ANALYSIS]:	End loop number 48
2024-09-26 15:57:02.580	[ANALYSIS]:	Begin loop number 49
2024-09-26 15:57:02.586	[ANALYSIS]:	End loop number 49
2024-09-26 15:57:02.586	[ANALYSIS]:	Begin loop number 50
2024-09-26 15:57:02.589	[ANALYSIS]:	End loop number 50
2024-09-26 15:57:02.589	[ANALYSIS]:	Begin loop number 51
2024-09-26 15:57:02.591	[ANALYSIS]:	End loop number 51
2024-09-26 15:57:02.591	[ANALYSIS]:	Begin loop number 52
2024-09-26 15:57:02.597	[ANALYSIS]:	End loop number 52
2024-09-26 15:57:02.597	[ANALYSIS]:	Begin loop number 53
2024-09-26 15:57:02.599	[ANALYSIS]:	End loop number 53
2024-09-26 15:57:02.599	[ANALYSIS]:	Begin loop number 54
2024-09-26 15:57:02.603	[ANALYSIS]:	End loop number 54
2024-09-26 15:57:02.603	[ANALYSIS]:	Begin loop number 55
2024-09-26 15:57:02.605	[ANALYSIS]:	End loop number 55
2024-09-26 15:57:02.605	[ANALYSIS]:	Begin loop number 56
2024-09-26 15:57:02.610	[ANALYSIS]:	End loop number 56
2024-09-26 15:57:02.611	[ANALYSIS]:	Begin loop number 57
2024-09-26 15:57:02.614	[ANALYSIS]:	End loop number 57
2024-09-26 15:57:02.614	[ANALYSIS]:	Begin loop number 58
2024-09-26 15:57:02.617	[ANALYSIS]:	End loop number 58
2024-09-26 15:57:02.617	[ANALYSIS]:	Begin loop number 59
2024-09-26 15:57:02.619	[ANALYSIS]:	End loop number 59
2024-09-26 15:57:02.620	[ANALYSIS]:	Begin loop number 60
2024-09-26 15:57:02.622	[ANALYSIS]:	End loop number 60
2024-09-26 15:57:02.622	[ANALYSIS]:	Begin loop number 61
2024-09-26 15:57:02.626	[ANALYSIS]:	End loop number 61
2024-09-26 15:57:02.626	[ANALYSIS]:	Begin loop number 62
2024-09-26 15:57:02.630	[ANALYSIS]:	End loop number 62
2024-09-26 15:57:02.630	[ANALYSIS]:	Begin loop number 63
2024-09-26 15:57:02.633	[ANALYSIS]:	End loop number 63
2024-09-26 15:57:02.633	[ANALYSIS]:	Begin loop number 64
2024-09-26 15:57:02.636	[ANALYSIS]:	End loop number 64
2024-09-26 15:57:02.636	[ANALYSIS]:	Begin loop number 65
2024-09-26 15:57:02.639	[ANALYSIS]:	End loop number 65
2024-09-26 15:57:02.639	[ANALYSIS]:	Begin loop number 66
2024-09-26 15:57:02.641	[ANALYSIS]:	End loop number 66
2024-09-26 15:57:02.641	[ANALYSIS]:	Begin loop number 67
2024-09-26 15:57:02.643	[ANALYSIS]:	End loop number 67
2024-09-26 15:57:02.644	[ANALYSIS]:	Begin loop number 68
2024-09-26 15:57:02.645	[ANALYSIS]:	End loop number 68
2024-09-26 15:57:02.645	[ANALYSIS]:	Begin loop number 69
2024-09-26 15:57:02.647	[ANALYSIS]:	End loop number 69
2024-09-26 15:57:02.647	[ANALYSIS]:	Begin loop number 70
2024-09-26 15:57:02.649	[ANALYSIS]:	End loop number 70
2024-09-26 15:57:02.649	[ANALYSIS]:	Begin loop number 71
2024-09-26 15:57:02.651	[ANALYSIS]:	End loop number 71
2024-09-26 15:57:02.651	[ANALYSIS]:	Begin loop number 72
2024-09-26 15:57:02.652	[ANALYSIS]:	End loop number 72
2024-09-26 15:57:02.652	[ANALYSIS]:	Begin loop number 73
2024-09-26 15:57:02.654	[ANALYSIS]:	End loop number 73
2024-09-26 15:57:02.654	[ANALYSIS]:	Begin loop number 74
2024-09-26 15:57:02.656	[ANALYSIS]:	End loop number 74
2024-09-26 15:57:02.656	[ANALYSIS]:	Begin loop number 75
2024-09-26 15:57:02.657	[ANALYSIS]:	End loop number 75
2024-09-26 15:57:02.657	[ANALYSIS]:	Begin loop number 76
2024-09-26 15:57:02.659	[ANALYSIS]:	End loop number 76
2024-09-26 15:57:02.659	[ANALYSIS]:	Begin loop number 77
2024-09-26 15:57:02.662	[ANALYSIS]:	End loop number 77
2024-09-26 15:57:02.662	[ANALYSIS]:	Begin loop number 78
2024-09-26 15:57:02.664	[ANALYSIS]:	End loop number 78
2024-09-26 15:57:02.664	[ANALYSIS]:	Begin loop number 79
2024-09-26 15:57:02.666	[ANALYSIS]:	End loop number 79
2024-09-26 15:57:02.666	[ANALYSIS]:	Begin loop number 80
2024-09-26 15:57:02.668	[ANALYSIS]:	End loop number 80
2024-09-26 15:57:02.669	[ANALYSIS]:	Begin loop number 81
2024-09-26 15:57:02.670	[ANALYSIS]:	End loop number 81
2024-09-26 15:57:02.670	[ANALYSIS]:	Begin loop number 82
2024-09-26 15:57:02.673	[ANALYSIS]:	End loop number 82
2024-09-26 15:57:02.673	[ANALYSIS]:	Begin loop number 83
2024-09-26 15:57:02.675	[ANALYSIS]:	End loop number 83
2024-09-26 15:57:02.675	[ANALYSIS]:	Begin loop number 84
2024-09-26 15:57:02.677	[ANALYSIS]:	End loop number 84
2024-09-26 15:57:02.677	[ANALYSIS]:	Begin loop number 85
2024-09-26 15:57:02.679	[ANALYSIS]:	End loop number 85
2024-09-26 15:57:02.679	[ANALYSIS]:	Begin loop number 86
2024-09-26 15:57:02.680	[ANALYSIS]:	End loop number 86
2024-09-26 15:57:02.680	[ANALYSIS]:	Begin loop number 87
2024-09-26 15:57:02.682	[ANALYSIS]:	End loop number 87
2024-09-26 15:57:02.682	[ANALYSIS]:	Begin loop number 88
2024-09-26 15:57:02.684	[ANALYSIS]:	End loop number 88
2024-09-26 15:57:02.684	[ANALYSIS]:	Begin loop number 89
2024-09-26 15:57:02.686	[ANALYSIS]:	End loop number 89
2024-09-26 15:57:02.686	[ANALYSIS]:	Begin loop number 90
2024-09-26 15:57:02.689	[ANALYSIS]:	End loop number 90
2024-09-26 15:57:02.689	[ANALYSIS]:	Begin loop number 91
2024-09-26 15:57:02.692	[ANALYSIS]:	End loop number 91
2024-09-26 15:57:02.692	[ANALYSIS]:	Begin loop number 92
2024-09-26 15:57:02.694	[ANALYSIS]:	End loop number 92
2024-09-26 15:57:02.694	[ANALYSIS]:	Begin loop number 93
2024-09-26 15:57:02.699	[ANALYSIS]:	End loop number 93
2024-09-26 15:57:02.699	[ANALYSIS]:	Begin loop number 94
2024-09-26 15:57:02.701	[ANALYSIS]:	End loop number 94
2024-09-26 15:57:02.702	[ANALYSIS]:	Begin loop number 95
2024-09-26 15:57:02.704	[ANALYSIS]:	End loop number 95
2024-09-26 15:57:02.704	[ANALYSIS]:	Begin loop number 96
2024-09-26 15:57:02.706	[ANALYSIS]:	End loop number 96
2024-09-26 15:57:02.706	[ANALYSIS]:	Begin loop number 97
2024-09-26 15:57:02.708	[ANALYSIS]:	End loop number 97
2024-09-26 15:57:02.708	[ANALYSIS]:	Begin loop number 98
2024-09-26 15:57:02.710	[ANALYSIS]:	End loop number 98
2024-09-26 15:57:02.710	[ANALYSIS]:	Begin loop number 99
2024-09-26 15:57:02.712	[ANALYSIS]:	End loop number 99
2024-09-26 15:57:02.712	[ANALYSIS]:	Begin loop number 100
2024-09-26 15:57:02.714	[ANALYSIS]:	End loop number 100
2024-09-26 15:57:02.714	[ANALYSIS]:	Begin loop number 101
2024-09-26 15:57:02.716	[ANALYSIS]:	End loop number 101
2024-09-26 15:57:02.716	[ANALYSIS]:	Begin loop number 102
2024-09-26 15:57:02.718	[ANALYSIS]:	End loop number 102
2024-09-26 15:57:02.718	[ANALYSIS]:	Begin loop number 103
2024-09-26 15:57:02.720	[ANALYSIS]:	End loop number 103
2024-09-26 15:57:02.720	[ANALYSIS]:	Begin loop number 104
2024-09-26 15:57:02.722	[ANALYSIS]:	End loop number 104
2024-09-26 15:57:02.722	[ANALYSIS]:	Begin loop number 105
2024-09-26 15:57:02.725	[ANALYSIS]:	End loop number 105
2024-09-26 15:57:02.725	[ANALYSIS]:	Begin loop number 106
2024-09-26 15:57:02.726	[ANALYSIS]:	End loop number 106
2024-09-26 15:57:02.727	[ANALYSIS]:	Begin loop number 107
2024-09-26 15:57:02.729	[ANALYSIS]:	End loop number 107
2024-09-26 15:57:02.729	[ANALYSIS]:	Begin loop number 108
2024-09-26 15:57:02.730	[ANALYSIS]:	End loop number 108
2024-09-26 15:57:02.730	[ANALYSIS]:	Begin loop number 109
2024-09-26 15:57:02.732	[ANALYSIS]:	End loop number 109
2024-09-26 15:57:02.732	[ANALYSIS]:	Begin loop number 110
2024-09-26 15:57:02.733	[ANALYSIS]:	End loop number 110
2024-09-26 15:57:02.733	[ANALYSIS]:	Begin loop number 111
2024-09-26 15:57:02.735	[ANALYSIS]:	End loop number 111
2024-09-26 15:57:02.735	[ANALYSIS]:	Begin loop number 112
2024-09-26 15:57:02.737	[ANALYSIS]:	End loop number 112
2024-09-26 15:57:02.737	[ANALYSIS]:	Begin loop number 113
2024-09-26 15:57:02.739	[ANALYSIS]:	End loop number 113
2024-09-26 15:57:02.739	[ANALYSIS]:	Begin loop number 114
2024-09-26 15:57:02.741	[ANALYSIS]:	End loop number 114
2024-09-26 15:57:02.741	[ANALYSIS]:	Begin loop number 115
2024-09-26 15:57:02.743	[ANALYSIS]:	End loop number 115
2024-09-26 15:57:02.743	[ANALYSIS]:	Begin loop number 116
2024-09-26 15:57:02.744	[ANALYSIS]:	End loop number 116
2024-09-26 15:57:02.744	[ANALYSIS]:	Begin loop number 117
2024-09-26 15:57:02.747	[ANALYSIS]:	End loop number 117
2024-09-26 15:57:02.747	[ANALYSIS]:	Begin loop number 118
2024-09-26 15:57:02.748	[ANALYSIS]:	End loop number 118
2024-09-26 15:57:02.748	[ANALYSIS]:	Begin loop number 119
2024-09-26 15:57:02.750	[ANALYSIS]:	End loop number 119
2024-09-26 15:57:02.750	[ANALYSIS]:	Begin loop number 120
2024-09-26 15:57:02.752	[ANALYSIS]:	End loop number 120
2024-09-26 15:57:02.752	[ANALYSIS]:	Begin loop number 121
2024-09-26 15:57:02.754	[ANALYSIS]:	End loop number 121
2024-09-26 15:57:02.754	[ANALYSIS]:	Begin loop number 122
2024-09-26 15:57:02.755	[ANALYSIS]:	End loop number 122
2024-09-26 15:57:02.755	[ANALYSIS]:	Begin loop number 123
2024-09-26 15:57:02.757	[ANALYSIS]:	End loop number 123
2024-09-26 15:57:02.757	[ANALYSIS]:	Begin loop number 124
2024-09-26 15:57:02.764	[ANALYSIS]:	End loop number 124
2024-09-26 15:57:02.764	[ANALYSIS]:	Begin loop number 125
2024-09-26 15:57:02.769	[ANALYSIS]:	End loop number 125
2024-09-26 15:57:02.769	[ANALYSIS]:	Begin loop number 126
2024-09-26 15:57:02.776	[ANALYSIS]:	End loop number 126
2024-09-26 15:57:02.776	[ANALYSIS]:	Begin loop number 127
2024-09-26 15:57:02.779	[ANALYSIS]:	End loop number 127
2024-09-26 15:57:02.779	[ANALYSIS]:	Begin loop number 128
2024-09-26 15:57:02.781	[ANALYSIS]:	End loop number 128
2024-09-26 15:57:02.782	[ANALYSIS]:	Begin loop number 129
2024-09-26 15:57:02.784	[ANALYSIS]:	End loop number 129
2024-09-26 15:57:02.784	[ANALYSIS]:	Begin loop number 130
2024-09-26 15:57:02.789	[ANALYSIS]:	End loop number 130
2024-09-26 15:57:02.789	[ANALYSIS]:	Begin loop number 131
2024-09-26 15:57:02.791	[ANALYSIS]:	End loop number 131
2024-09-26 15:57:02.791	[ANALYSIS]:	Begin loop number 132
2024-09-26 15:57:02.794	[ANALYSIS]:	End loop number 132
2024-09-26 15:57:02.794	[ANALYSIS]:	Begin loop number 133
2024-09-26 15:57:02.797	[ANALYSIS]:	End loop number 133
2024-09-26 15:57:02.797	[ANALYSIS]:	Begin loop number 134
2024-09-26 15:57:02.799	[ANALYSIS]:	End loop number 134
2024-09-26 15:57:02.799	[ANALYSIS]:	Begin loop number 135
2024-09-26 15:57:02.802	[ANALYSIS]:	End loop number 135
2024-09-26 15:57:02.803	[ANALYSIS]:	Begin loop number 136
2024-09-26 15:57:02.805	[ANALYSIS]:	End loop number 136
2024-09-26 15:57:02.805	[ANALYSIS]:	Begin loop number 137
2024-09-26 15:57:02.808	[ANALYSIS]:	End loop number 137
2024-09-26 15:57:02.808	[ANALYSIS]:	Begin loop number 138
2024-09-26 15:57:02.810	[ANALYSIS]:	End loop number 138
2024-09-26 15:57:02.810	[ANALYSIS]:	Begin loop number 139
2024-09-26 15:57:02.812	[ANALYSIS]:	End loop number 139
2024-09-26 15:57:02.812	[ANALYSIS]:	Begin loop number 140
2024-09-26 15:57:02.815	[ANALYSIS]:	End loop number 140
2024-09-26 15:57:02.816	[ANALYSIS]:	Begin loop number 141
2024-09-26 15:57:02.820	[ANALYSIS]:	End loop number 141
2024-09-26 15:57:02.820	[ANALYSIS]:	Begin loop number 142
2024-09-26 15:57:02.823	[ANALYSIS]:	End loop number 142
2024-09-26 15:57:02.823	[ANALYSIS]:	Begin loop number 143
2024-09-26 15:57:02.828	[ANALYSIS]:	End loop number 143
2024-09-26 15:57:02.828	[ANALYSIS]:	Begin loop number 144
2024-09-26 15:57:02.831	[ANALYSIS]:	End loop number 144
2024-09-26 15:57:02.832	[ANALYSIS]:	Begin loop number 145
2024-09-26 15:57:02.834	[ANALYSIS]:	End loop number 145
2024-09-26 15:57:02.834	[ANALYSIS]:	Begin loop number 146
2024-09-26 15:57:02.836	[ANALYSIS]:	End loop number 146
2024-09-26 15:57:02.836	[ANALYSIS]:	Begin loop number 147
2024-09-26 15:57:02.841	[ANALYSIS]:	End loop number 147
2024-09-26 15:57:02.841	[ANALYSIS]:	Begin loop number 148
2024-09-26 15:57:02.844	[ANALYSIS]:	End loop number 148
2024-09-26 15:57:02.844	[ANALYSIS]:	Begin loop number 149
2024-09-26 15:57:02.846	[ANALYSIS]:	End loop number 149
2024-09-26 15:57:02.846	[ANALYSIS]:	Begin loop number 150
2024-09-26 15:57:02.847	[ANALYSIS]:	End loop number 150
2024-09-26 15:57:02.847	[ANALYSIS]:	Begin loop number 151
2024-09-26 15:57:02.849	[ANALYSIS]:	End loop number 151
2024-09-26 15:57:02.849	[ANALYSIS]:	Begin loop number 152
2024-09-26 15:57:02.852	[ANALYSIS]:	End loop number 152
2024-09-26 15:57:02.852	[ANALYSIS]:	Begin loop number 153
2024-09-26 15:57:02.857	[ANALYSIS]:	End loop number 153
2024-09-26 15:57:02.857	[ANALYSIS]:	Begin loop number 154
2024-09-26 15:57:02.861	[ANALYSIS]:	End loop number 154
2024-09-26 15:57:02.861	[ANALYSIS]:	Begin loop number 155
2024-09-26 15:57:02.864	[ANALYSIS]:	End loop number 155
2024-09-26 15:57:02.864	[ANALYSIS]:	Begin loop number 156
2024-09-26 15:57:02.866	[ANALYSIS]:	End loop number 156
2024-09-26 15:57:02.866	[ANALYSIS]:	Begin loop number 157
2024-09-26 15:57:02.868	[ANALYSIS]:	End loop number 157
2024-09-26 15:57:02.868	[ANALYSIS]:	Begin loop number 158
2024-09-26 15:57:02.870	[ANALYSIS]:	End loop number 158
2024-09-26 15:57:02.870	[ANALYSIS]:	Begin loop number 159
2024-09-26 15:57:02.872	[ANALYSIS]:	End loop number 159
2024-09-26 15:57:02.872	[ANALYSIS]:	Begin loop number 160
2024-09-26 15:57:02.875	[ANALYSIS]:	End loop number 160
2024-09-26 15:57:02.875	[ANALYSIS]:	Begin loop number 161
2024-09-26 15:57:02.877	[ANALYSIS]:	End loop number 161
2024-09-26 15:57:02.877	[ANALYSIS]:	Begin loop number 162
2024-09-26 15:57:02.878	[ANALYSIS]:	End loop number 162
2024-09-26 15:57:02.878	[ANALYSIS]:	Begin loop number 163
2024-09-26 15:57:02.883	[ANALYSIS]:	End loop number 163
2024-09-26 15:57:02.883	[ANALYSIS]:	Begin loop number 164
2024-09-26 15:57:02.887	[ANALYSIS]:	End loop number 164
2024-09-26 15:57:02.887	[ANALYSIS]:	Begin loop number 165
2024-09-26 15:57:02.888	[ANALYSIS]:	End loop number 165
2024-09-26 15:57:02.889	[ANALYSIS]:	Begin loop number 166
2024-09-26 15:57:02.891	[ANALYSIS]:	End loop number 166
2024-09-26 15:57:02.891	[ANALYSIS]:	Begin loop number 167
2024-09-26 15:57:02.894	[ANALYSIS]:	End loop number 167
2024-09-26 15:57:02.894	[ANALYSIS]:	Begin loop number 168
2024-09-26 15:57:02.896	[ANALYSIS]:	End loop number 168
2024-09-26 15:57:02.896	[ANALYSIS]:	Begin loop number 169
2024-09-26 15:57:02.899	[ANALYSIS]:	End loop number 169
2024-09-26 15:57:02.899	[ANALYSIS]:	Begin loop number 170
2024-09-26 15:57:02.901	[ANALYSIS]:	End loop number 170
2024-09-26 15:57:02.901	[ANALYSIS]:	Begin loop number 171
2024-09-26 15:57:02.904	[ANALYSIS]:	End loop number 171
2024-09-26 15:57:02.904	[ANALYSIS]:	Begin loop number 172
2024-09-26 15:57:02.909	[ANALYSIS]:	End loop number 172
2024-09-26 15:57:02.909	[ANALYSIS]:	Begin loop number 173
2024-09-26 15:57:02.913	[ANALYSIS]:	End loop number 173
2024-09-26 15:57:02.913	[ANALYSIS]:	Begin loop number 174
2024-09-26 15:57:02.919	[ANALYSIS]:	End loop number 174
2024-09-26 15:57:02.919	[ANALYSIS]:	Begin loop number 175
2024-09-26 15:57:02.922	[ANALYSIS]:	End loop number 175
2024-09-26 15:57:02.922	[ANALYSIS]:	Begin loop number 176
2024-09-26 15:57:02.925	[ANALYSIS]:	End loop number 176
2024-09-26 15:57:02.925	[ANALYSIS]:	Begin loop number 177
2024-09-26 15:57:02.932	[ANALYSIS]:	End loop number 177
2024-09-26 15:57:02.932	[ANALYSIS]:	Begin loop number 178
2024-09-26 15:57:02.936	[ANALYSIS]:	End loop number 178
2024-09-26 15:57:02.936	[ANALYSIS]:	Begin loop number 179
2024-09-26 15:57:02.940	[ANALYSIS]:	End loop number 179
2024-09-26 15:57:02.940	[ANALYSIS]:	Begin loop number 180
2024-09-26 15:57:02.943	[ANALYSIS]:	End loop number 180
2024-09-26 15:57:02.944	[ANALYSIS]:	Begin loop number 181
2024-09-26 15:57:02.947	[ANALYSIS]:	End loop number 181
2024-09-26 15:57:02.947	[ANALYSIS]:	Begin loop number 182
2024-09-26 15:57:02.950	[ANALYSIS]:	End loop number 182
2024-09-26 15:57:02.950	[ANALYSIS]:	Begin loop number 183
2024-09-26 15:57:02.952	[ANALYSIS]:	End loop number 183
2024-09-26 15:57:02.952	[ANALYSIS]:	Begin loop number 184
2024-09-26 15:57:02.954	[ANALYSIS]:	End loop number 184
2024-09-26 15:57:02.954	[ANALYSIS]:	Begin loop number 185
2024-09-26 15:57:02.956	[ANALYSIS]:	End loop number 185
2024-09-26 15:57:02.956	[ANALYSIS]:	Begin loop number 186
2024-09-26 15:57:02.958	[ANALYSIS]:	End loop number 186
2024-09-26 15:57:02.958	[ANALYSIS]:	Begin loop number 187
2024-09-26 15:57:02.960	[ANALYSIS]:	End loop number 187
2024-09-26 15:57:02.960	[ANALYSIS]:	Begin loop number 188
2024-09-26 15:57:02.962	[ANALYSIS]:	End loop number 188
2024-09-26 15:57:02.962	[ANALYSIS]:	Begin loop number 189
2024-09-26 15:57:02.963	[ANALYSIS]:	End loop number 189
2024-09-26 15:57:02.964	[ANALYSIS]:	Begin loop number 190
2024-09-26 15:57:02.965	[ANALYSIS]:	End loop number 190
2024-09-26 15:57:02.965	[ANALYSIS]:	Begin loop number 191
2024-09-26 15:57:02.971	[ANALYSIS]:	End loop number 191
2024-09-26 15:57:02.971	[ANALYSIS]:	Begin loop number 192
2024-09-26 15:57:02.974	[ANALYSIS]:	End loop number 192
2024-09-26 15:57:02.974	[ANALYSIS]:	Begin loop number 193
2024-09-26 15:57:02.979	[ANALYSIS]:	End loop number 193
2024-09-26 15:57:02.979	[ANALYSIS]:	Begin loop number 194
2024-09-26 15:57:02.982	[ANALYSIS]:	End loop number 194
2024-09-26 15:57:02.982	[ANALYSIS]:	Begin loop number 195
2024-09-26 15:57:02.985	[ANALYSIS]:	End loop number 195
2024-09-26 15:57:02.985	[ANALYSIS]:	Begin loop number 196
2024-09-26 15:57:02.988	[ANALYSIS]:	End loop number 196
2024-09-26 15:57:02.988	[ANALYSIS]:	Begin loop number 197
2024-09-26 15:57:02.990	[ANALYSIS]:	End loop number 197
2024-09-26 15:57:02.991	[ANALYSIS]:	Begin loop number 198
2024-09-26 15:57:02.993	[ANALYSIS]:	End loop number 198
2024-09-26 15:57:02.993	[ANALYSIS]:	Begin loop number 199
2024-09-26 15:57:02.995	[ANALYSIS]:	End loop number 199
2024-09-26 15:57:02.995	[ANALYSIS]:	Begin loop number 200
2024-09-26 15:57:02.996	[ANALYSIS]:	End loop number 200
2024-09-26 15:57:02.996	[ANALYSIS]:	Begin loop number 201
2024-09-26 15:57:02.998	[ANALYSIS]:	End loop number 201
2024-09-26 15:57:02.998	[ANALYSIS]:	Begin loop number 202
2024-09-26 15:57:03.000	[ANALYSIS]:	End loop number 202
2024-09-26 15:57:03.000	[ANALYSIS]:	Begin loop number 203
2024-09-26 15:57:03.002	[ANALYSIS]:	End loop number 203
2024-09-26 15:57:03.002	[ANALYSIS]:	Begin loop number 204
2024-09-26 15:57:03.003	[ANALYSIS]:	End loop number 204
2024-09-26 15:57:03.004	[ANALYSIS]:	Begin loop number 205
2024-09-26 15:57:03.005	[ANALYSIS]:	End loop number 205
2024-09-26 15:57:03.006	[ANALYSIS]:	Begin loop number 206
2024-09-26 15:57:03.007	[ANALYSIS]:	End loop number 206
2024-09-26 15:57:03.008	[ANALYSIS]:	Begin loop number 207
2024-09-26 15:57:03.010	[ANALYSIS]:	End loop number 207
2024-09-26 15:57:03.010	[ANALYSIS]:	Begin loop number 208
2024-09-26 15:57:03.014	[ANALYSIS]:	End loop number 208
2024-09-26 15:57:03.014	[ANALYSIS]:	Begin loop number 209
2024-09-26 15:57:03.017	[ANALYSIS]:	End loop number 209
2024-09-26 15:57:03.017	[ANALYSIS]:	Begin loop number 210
2024-09-26 15:57:03.020	[ANALYSIS]:	End loop number 210
2024-09-26 15:57:03.020	[ANALYSIS]:	Begin loop number 211
2024-09-26 15:57:03.022	[ANALYSIS]:	End loop number 211
2024-09-26 15:57:03.022	[ANALYSIS]:	Begin loop number 212
2024-09-26 15:57:03.023	[ANALYSIS]:	End loop number 212
2024-09-26 15:57:03.023	[ANALYSIS]:	Begin loop number 213
2024-09-26 15:57:03.025	[ANALYSIS]:	End loop number 213
2024-09-26 15:57:03.025	[ANALYSIS]:	Begin loop number 214
2024-09-26 15:57:03.030	[ANALYSIS]:	End loop number 214
2024-09-26 15:57:03.030	[ANALYSIS]:	Begin loop number 215
2024-09-26 15:57:03.033	[ANALYSIS]:	End loop number 215
2024-09-26 15:57:03.033	[ANALYSIS]:	Begin loop number 216
2024-09-26 15:57:03.034	[ANALYSIS]:	End loop number 216
2024-09-26 15:57:03.034	[ANALYSIS]:	Begin loop number 217
2024-09-26 15:57:03.036	[ANALYSIS]:	End loop number 217
2024-09-26 15:57:03.036	[ANALYSIS]:	Begin loop number 218
2024-09-26 15:57:03.038	[ANALYSIS]:	End loop number 218
2024-09-26 15:57:03.038	[ANALYSIS]:	Begin loop number 219
2024-09-26 15:57:03.040	[ANALYSIS]:	End loop number 219
2024-09-26 15:57:03.040	[ANALYSIS]:	Begin loop number 220
2024-09-26 15:57:03.042	[ANALYSIS]:	End loop number 220
2024-09-26 15:57:03.042	[ANALYSIS]:	Begin loop number 221
2024-09-26 15:57:03.045	[ANALYSIS]:	End loop number 221
2024-09-26 15:57:03.045	[ANALYSIS]:	Begin loop number 222
2024-09-26 15:57:03.047	[ANALYSIS]:	End loop number 222
2024-09-26 15:57:03.047	[ANALYSIS]:	Begin loop number 223
2024-09-26 15:57:03.050	[ANALYSIS]:	End loop number 223
2024-09-26 15:57:03.050	[ANALYSIS]:	Begin loop number 224
2024-09-26 15:57:03.053	[ANALYSIS]:	End loop number 224
2024-09-26 15:57:03.054	[ANALYSIS]:	Begin loop number 225
2024-09-26 15:57:03.056	[ANALYSIS]:	End loop number 225
2024-09-26 15:57:03.056	[ANALYSIS]:	Begin loop number 226
2024-09-26 15:57:03.059	[ANALYSIS]:	End loop number 226
2024-09-26 15:57:03.059	[ANALYSIS]:	Begin loop number 227
2024-09-26 15:57:03.061	[ANALYSIS]:	End loop number 227
2024-09-26 15:57:03.061	[ANALYSIS]:	Begin loop number 228
2024-09-26 15:57:03.063	[ANALYSIS]:	End loop number 228
2024-09-26 15:57:03.064	[ANALYSIS]:	Begin loop number 229
2024-09-26 15:57:03.065	[ANALYSIS]:	End loop number 229
2024-09-26 15:57:03.065	[ANALYSIS]:	Begin loop number 230
2024-09-26 15:57:03.067	[ANALYSIS]:	End loop number 230
2024-09-26 15:57:03.067	[ANALYSIS]:	Begin loop number 231
2024-09-26 15:57:03.069	[ANALYSIS]:	End loop number 231
2024-09-26 15:57:03.069	[ANALYSIS]:	Begin loop number 232
2024-09-26 15:57:03.072	[ANALYSIS]:	End loop number 232
2024-09-26 15:57:03.072	[ANALYSIS]:	Begin loop number 233
2024-09-26 15:57:03.074	[ANALYSIS]:	End loop number 233
2024-09-26 15:57:03.074	[ANALYSIS]:	Begin loop number 234
2024-09-26 15:57:03.078	[ANALYSIS]:	End loop number 234
2024-09-26 15:57:03.078	[ANALYSIS]:	Begin loop number 235
2024-09-26 15:57:03.081	[ANALYSIS]:	End loop number 235
2024-09-26 15:57:03.081	[ANALYSIS]:	Begin loop number 236
2024-09-26 15:57:03.083	[ANALYSIS]:	End loop number 236
2024-09-26 15:57:03.084	[ANALYSIS]:	Begin loop number 237
2024-09-26 15:57:03.086	[ANALYSIS]:	End loop number 237
2024-09-26 15:57:03.086	[ANALYSIS]:	Begin loop number 238
2024-09-26 15:57:03.091	[ANALYSIS]:	End loop number 238
2024-09-26 15:57:03.091	[ANALYSIS]:	Begin loop number 239
2024-09-26 15:57:03.094	[ANALYSIS]:	End loop number 239
2024-09-26 15:57:03.094	[ANALYSIS]:	Begin loop number 240
2024-09-26 15:57:03.097	[ANALYSIS]:	End loop number 240
2024-09-26 15:57:03.097	[ANALYSIS]:	Begin loop number 241
2024-09-26 15:57:03.100	[ANALYSIS]:	End loop number 241
2024-09-26 15:57:03.100	[ANALYSIS]:	Begin loop number 242
2024-09-26 15:57:03.103	[ANALYSIS]:	End loop number 242
2024-09-26 15:57:03.103	[ANALYSIS]:	Begin loop number 243
2024-09-26 15:57:03.109	[ANALYSIS]:	End loop number 243
2024-09-26 15:57:03.109	[ANALYSIS]:	Begin loop number 244
2024-09-26 15:57:03.112	[ANALYSIS]:	End loop number 244
2024-09-26 15:57:03.112	[ANALYSIS]:	Begin loop number 245
2024-09-26 15:57:03.115	[ANALYSIS]:	End loop number 245
2024-09-26 15:57:03.115	[ANALYSIS]:	Begin loop number 246
2024-09-26 15:57:03.117	[ANALYSIS]:	End loop number 246
2024-09-26 15:57:03.117	[ANALYSIS]:	Begin loop number 247
2024-09-26 15:57:03.123	[ANALYSIS]:	End loop number 247
2024-09-26 15:57:03.123	[ANALYSIS]:	Begin loop number 248
2024-09-26 15:57:03.128	[ANALYSIS]:	End loop number 248
2024-09-26 15:57:03.128	[ANALYSIS]:	Begin loop number 249
2024-09-26 15:57:03.129	[ANALYSIS]:	End loop number 249
2024-09-26 15:57:03.129	[ANALYSIS]:	Begin loop number 250
2024-09-26 15:57:03.131	[ANALYSIS]:	End loop number 250
2024-09-26 15:57:03.131	[ANALYSIS]:	Begin loop number 251
2024-09-26 15:57:03.132	[ANALYSIS]:	End loop number 251
2024-09-26 15:57:03.132	[ANALYSIS]:	Begin loop number 252
2024-09-26 15:57:03.134	[ANALYSIS]:	End loop number 252
2024-09-26 15:57:03.134	[ANALYSIS]:	Begin loop number 253
2024-09-26 15:57:03.136	[ANALYSIS]:	End loop number 253
2024-09-26 15:57:03.136	[ANALYSIS]:	Begin loop number 254
2024-09-26 15:57:03.140	[ANALYSIS]:	End loop number 254
2024-09-26 15:57:03.140	[ANALYSIS]:	Begin loop number 255
2024-09-26 15:57:03.143	[ANALYSIS]:	End loop number 255
2024-09-26 15:57:03.143	[ANALYSIS]:	Begin loop number 256
2024-09-26 15:57:03.145	[ANALYSIS]:	End loop number 256
2024-09-26 15:57:03.145	[ANALYSIS]:	Begin loop number 257
2024-09-26 15:57:03.147	[ANALYSIS]:	End loop number 257
2024-09-26 15:57:03.147	[ANALYSIS]:	Begin loop number 258
2024-09-26 15:57:03.149	[ANALYSIS]:	End loop number 258
2024-09-26 15:57:03.149	[ANALYSIS]:	Begin loop number 259
2024-09-26 15:57:03.150	[ANALYSIS]:	End loop number 259
2024-09-26 15:57:03.150	[ANALYSIS]:	Begin loop number 260
2024-09-26 15:57:03.152	[ANALYSIS]:	End loop number 260
2024-09-26 15:57:03.152	[ANALYSIS]:	Begin loop number 261
2024-09-26 15:57:03.154	[ANALYSIS]:	End loop number 261
2024-09-26 15:57:03.154	[ANALYSIS]:	Begin loop number 262
2024-09-26 15:57:03.156	[ANALYSIS]:	End loop number 262
2024-09-26 15:57:03.157	[ANALYSIS]:	Begin loop number 263
2024-09-26 15:57:03.159	[ANALYSIS]:	End loop number 263
2024-09-26 15:57:03.159	[ANALYSIS]:	Begin loop number 264
2024-09-26 15:57:03.161	[ANALYSIS]:	End loop number 264
2024-09-26 15:57:03.161	[ANALYSIS]:	Begin loop number 265
2024-09-26 15:57:03.163	[ANALYSIS]:	End loop number 265
2024-09-26 15:57:03.163	[ANALYSIS]:	Begin loop number 266
2024-09-26 15:57:03.165	[ANALYSIS]:	End loop number 266
2024-09-26 15:57:03.165	[ANALYSIS]:	Begin loop number 267
2024-09-26 15:57:03.168	[ANALYSIS]:	End loop number 267
2024-09-26 15:57:03.168	[ANALYSIS]:	Begin loop number 268
2024-09-26 15:57:03.170	[ANALYSIS]:	End loop number 268
2024-09-26 15:57:03.171	[ANALYSIS]:	Begin loop number 269
2024-09-26 15:57:03.172	[ANALYSIS]:	End loop number 269
2024-09-26 15:57:03.173	[ANALYSIS]:	Begin loop number 270
2024-09-26 15:57:03.175	[ANALYSIS]:	End loop number 270
2024-09-26 15:57:03.175	[ANALYSIS]:	Begin loop number 271
2024-09-26 15:57:03.178	[ANALYSIS]:	End loop number 271
2024-09-26 15:57:03.178	[ANALYSIS]:	Begin loop number 272
2024-09-26 15:57:03.180	[ANALYSIS]:	End loop number 272
2024-09-26 15:57:03.181	[ANALYSIS]:	Begin loop number 273
2024-09-26 15:57:03.183	[ANALYSIS]:	End loop number 273
2024-09-26 15:57:03.183	[ANALYSIS]:	Begin loop number 274
2024-09-26 15:57:03.184	[ANALYSIS]:	End loop number 274
2024-09-26 15:57:03.184	[ANALYSIS]:	Begin loop number 275
2024-09-26 15:57:03.186	[ANALYSIS]:	End loop number 275
2024-09-26 15:57:03.186	[ANALYSIS]:	Begin loop number 276
2024-09-26 15:57:03.189	[ANALYSIS]:	End loop number 276
2024-09-26 15:57:03.189	[ANALYSIS]:	Begin loop number 277
2024-09-26 15:57:03.192	[ANALYSIS]:	End loop number 277
2024-09-26 15:57:03.192	[ANALYSIS]:	Begin loop number 278
2024-09-26 15:57:03.194	[ANALYSIS]:	End loop number 278
2024-09-26 15:57:03.194	[ANALYSIS]:	Begin loop number 279
2024-09-26 15:57:03.196	[ANALYSIS]:	End loop number 279
2024-09-26 15:57:03.196	[ANALYSIS]:	Begin loop number 280
2024-09-26 15:57:03.198	[ANALYSIS]:	End loop number 280
2024-09-26 15:57:03.198	[ANALYSIS]:	Begin loop number 281
2024-09-26 15:57:03.200	[ANALYSIS]:	End loop number 281
2024-09-26 15:57:03.201	[ANALYSIS]:	Begin loop number 282
2024-09-26 15:57:03.202	[ANALYSIS]:	End loop number 282
2024-09-26 15:57:03.203	[ANALYSIS]:	Begin loop number 283
2024-09-26 15:57:03.205	[ANALYSIS]:	End loop number 283
2024-09-26 15:57:03.205	[ANALYSIS]:	Begin loop number 284
2024-09-26 15:57:03.208	[ANALYSIS]:	End loop number 284
2024-09-26 15:57:03.208	[ANALYSIS]:	Begin loop number 285
2024-09-26 15:57:03.211	[ANALYSIS]:	End loop number 285
2024-09-26 15:57:03.211	[ANALYSIS]:	Begin loop number 286
2024-09-26 15:57:03.216	[ANALYSIS]:	End loop number 286
2024-09-26 15:57:03.216	[ANALYSIS]:	Begin loop number 287
2024-09-26 15:57:03.222	[ANALYSIS]:	End loop number 287
2024-09-26 15:57:03.222	[ANALYSIS]:	Begin loop number 288
2024-09-26 15:57:03.225	[ANALYSIS]:	End loop number 288
2024-09-26 15:57:03.225	[ANALYSIS]:	Begin loop number 289
2024-09-26 15:57:03.228	[ANALYSIS]:	End loop number 289
2024-09-26 15:57:03.228	[ANALYSIS]:	Begin loop number 290
2024-09-26 15:57:03.231	[ANALYSIS]:	End loop number 290
2024-09-26 15:57:03.231	[ANALYSIS]:	Begin loop number 291
2024-09-26 15:57:03.234	[ANALYSIS]:	End loop number 291
2024-09-26 15:57:03.234	[ANALYSIS]:	Begin loop number 292
2024-09-26 15:57:03.237	[ANALYSIS]:	End loop number 292
2024-09-26 15:57:03.237	[ANALYSIS]:	Begin loop number 293
2024-09-26 15:57:03.240	[ANALYSIS]:	End loop number 293
2024-09-26 15:57:03.240	[ANALYSIS]:	Begin loop number 294
2024-09-26 15:57:03.243	[ANALYSIS]:	End loop number 294
2024-09-26 15:57:03.243	[ANALYSIS]:	Begin loop number 295
2024-09-26 15:57:03.246	[ANALYSIS]:	End loop number 295
2024-09-26 15:57:03.247	[ANALYSIS]:	Begin loop number 296
2024-09-26 15:57:03.250	[ANALYSIS]:	End loop number 296
2024-09-26 15:57:03.250	[ANALYSIS]:	Begin loop number 297
2024-09-26 15:57:03.252	[ANALYSIS]:	End loop number 297
2024-09-26 15:57:03.252	[ANALYSIS]:	Begin loop number 298
2024-09-26 15:57:03.254	[ANALYSIS]:	End loop number 298
2024-09-26 15:57:03.254	[ANALYSIS]:	Begin loop number 299
2024-09-26 15:57:03.257	[ANALYSIS]:	End loop number 299
2024-09-26 15:57:03.257	[ANALYSIS]:	Begin loop number 300
2024-09-26 15:57:03.260	[ANALYSIS]:	End loop number 300
2024-09-26 15:57:03.260	[ANALYSIS]:	Begin loop number 301
2024-09-26 15:57:03.262	[ANALYSIS]:	End loop number 301
2024-09-26 15:57:03.262	[ANALYSIS]:	Begin loop number 302
2024-09-26 15:57:03.264	[ANALYSIS]:	End loop number 302
2024-09-26 15:57:03.265	[ANALYSIS]:	Begin loop number 303
2024-09-26 15:57:03.266	[ANALYSIS]:	End loop number 303
2024-09-26 15:57:03.266	[ANALYSIS]:	Begin loop number 304
2024-09-26 15:57:03.269	[ANALYSIS]:	End loop number 304
2024-09-26 15:57:03.269	[ANALYSIS]:	Begin loop number 305
2024-09-26 15:57:03.272	[ANALYSIS]:	End loop number 305
2024-09-26 15:57:03.272	[ANALYSIS]:	Begin loop number 306
2024-09-26 15:57:03.275	[ANALYSIS]:	End loop number 306
2024-09-26 15:57:03.275	[ANALYSIS]:	Begin loop number 307
2024-09-26 15:57:03.277	[ANALYSIS]:	End loop number 307
2024-09-26 15:57:03.277	[ANALYSIS]:	Begin loop number 308
2024-09-26 15:57:03.281	[ANALYSIS]:	End loop number 308
2024-09-26 15:57:03.281	[ANALYSIS]:	Begin loop number 309
2024-09-26 15:57:03.284	[ANALYSIS]:	End loop number 309
2024-09-26 15:57:03.284	[ANALYSIS]:	Begin loop number 310
2024-09-26 15:57:03.285	[ANALYSIS]:	End loop number 310
2024-09-26 15:57:03.285	[ANALYSIS]:	Begin loop number 311
2024-09-26 15:57:03.288	[ANALYSIS]:	End loop number 311
2024-09-26 15:57:03.288	[ANALYSIS]:	Begin loop number 312
2024-09-26 15:57:03.290	[ANALYSIS]:	End loop number 312
2024-09-26 15:57:03.290	[ANALYSIS]:	Begin loop number 313
2024-09-26 15:57:03.293	[ANALYSIS]:	End loop number 313
2024-09-26 15:57:03.293	[ANALYSIS]:	Begin loop number 314
2024-09-26 15:57:03.295	[ANALYSIS]:	End loop number 314
2024-09-26 15:57:03.295	[ANALYSIS]:	Begin loop number 315
2024-09-26 15:57:03.297	[ANALYSIS]:	End loop number 315
2024-09-26 15:57:03.297	[ANALYSIS]:	Begin loop number 316
2024-09-26 15:57:03.300	[ANALYSIS]:	End loop number 316
2024-09-26 15:57:03.300	[ANALYSIS]:	Begin loop number 317
2024-09-26 15:57:03.302	[ANALYSIS]:	End loop number 317
2024-09-26 15:57:03.302	[ANALYSIS]:	Begin loop number 318
2024-09-26 15:57:03.303	[ANALYSIS]:	End loop number 318
2024-09-26 15:57:03.304	[ANALYSIS]:	Begin loop number 319
2024-09-26 15:57:03.306	[ANALYSIS]:	End loop number 319
2024-09-26 15:57:03.306	[ANALYSIS]:	Begin loop number 320
2024-09-26 15:57:03.308	[ANALYSIS]:	End loop number 320
2024-09-26 15:57:03.309	[ANALYSIS]:	Begin loop number 321
2024-09-26 15:57:03.311	[ANALYSIS]:	End loop number 321
2024-09-26 15:57:03.311	[ANALYSIS]:	Begin loop number 322
2024-09-26 15:57:03.313	[ANALYSIS]:	End loop number 322
2024-09-26 15:57:03.313	[ANALYSIS]:	Begin loop number 323
2024-09-26 15:57:03.315	[ANALYSIS]:	End loop number 323
2024-09-26 15:57:03.315	[ANALYSIS]:	Begin loop number 324
2024-09-26 15:57:03.317	[ANALYSIS]:	End loop number 324
2024-09-26 15:57:03.317	[ANALYSIS]:	Begin loop number 325
2024-09-26 15:57:03.319	[ANALYSIS]:	End loop number 325
2024-09-26 15:57:03.319	[ANALYSIS]:	Begin loop number 326
2024-09-26 15:57:03.320	[ANALYSIS]:	End loop number 326
2024-09-26 15:57:03.320	[ANALYSIS]:	Begin loop number 327
2024-09-26 15:57:03.324	[ANALYSIS]:	End loop number 327
2024-09-26 15:57:03.324	[ANALYSIS]:	Begin loop number 328
2024-09-26 15:57:03.326	[ANALYSIS]:	End loop number 328
2024-09-26 15:57:03.326	[ANALYSIS]:	Begin loop number 329
2024-09-26 15:57:03.328	[ANALYSIS]:	End loop number 329
2024-09-26 15:57:03.328	[ANALYSIS]:	Begin loop number 330
2024-09-26 15:57:03.329	[ANALYSIS]:	End loop number 330
2024-09-26 15:57:03.329	[ANALYSIS]:	Begin loop number 331
2024-09-26 15:57:03.331	[ANALYSIS]:	End loop number 331
2024-09-26 15:57:03.331	[ANALYSIS]:	Begin loop number 332
2024-09-26 15:57:03.333	[ANALYSIS]:	End loop number 332
2024-09-26 15:57:03.333	[ANALYSIS]:	Begin loop number 333
2024-09-26 15:57:03.334	[ANALYSIS]:	End loop number 333
2024-09-26 15:57:03.335	[ANALYSIS]:	Begin loop number 334
2024-09-26 15:57:03.336	[ANALYSIS]:	End loop number 334
2024-09-26 15:57:03.336	[ANALYSIS]:	Begin loop number 335
2024-09-26 15:57:03.338	[ANALYSIS]:	End loop number 335
2024-09-26 15:57:03.338	[ANALYSIS]:	Begin loop number 336
2024-09-26 15:57:03.340	[ANALYSIS]:	End loop number 336
2024-09-26 15:57:03.341	[ANALYSIS]:	Begin loop number 337
2024-09-26 15:57:03.343	[ANALYSIS]:	End loop number 337
2024-09-26 15:57:03.343	[ANALYSIS]:	Begin loop number 338
2024-09-26 15:57:03.345	[ANALYSIS]:	End loop number 338
2024-09-26 15:57:03.345	[ANALYSIS]:	Begin loop number 339
2024-09-26 15:57:03.347	[ANALYSIS]:	End loop number 339
2024-09-26 15:57:03.347	[ANALYSIS]:	Begin loop number 340
2024-09-26 15:57:03.349	[ANALYSIS]:	End loop number 340
2024-09-26 15:57:03.350	[ANALYSIS]:	Begin loop number 341
2024-09-26 15:57:03.351	[ANALYSIS]:	End loop number 341
2024-09-26 15:57:03.352	[ANALYSIS]:	Begin loop number 342
2024-09-26 15:57:03.353	[ANALYSIS]:	End loop number 342
2024-09-26 15:57:03.353	[ANALYSIS]:	Begin loop number 343
2024-09-26 15:57:03.358	[ANALYSIS]:	End loop number 343
2024-09-26 15:57:03.358	[ANALYSIS]:	Begin loop number 344
2024-09-26 15:57:03.360	[ANALYSIS]:	End loop number 344
2024-09-26 15:57:03.360	[ANALYSIS]:	Begin loop number 345
2024-09-26 15:57:03.362	[ANALYSIS]:	End loop number 345
2024-09-26 15:57:03.362	[ANALYSIS]:	Begin loop number 346
2024-09-26 15:57:03.365	[ANALYSIS]:	End loop number 346
2024-09-26 15:57:03.365	[ANALYSIS]:	Begin loop number 347
2024-09-26 15:57:03.367	[ANALYSIS]:	End loop number 347
2024-09-26 15:57:03.367	[ANALYSIS]:	Begin loop number 348
2024-09-26 15:57:03.369	[ANALYSIS]:	End loop number 348
2024-09-26 15:57:03.369	[ANALYSIS]:	Begin loop number 349
2024-09-26 15:57:03.373	[ANALYSIS]:	End loop number 349
2024-09-26 15:57:03.373	[ANALYSIS]:	Begin loop number 350
2024-09-26 15:57:03.376	[ANALYSIS]:	End loop number 350
2024-09-26 15:57:03.376	[ANALYSIS]:	Begin loop number 351
2024-09-26 15:57:03.379	[ANALYSIS]:	End loop number 351
2024-09-26 15:57:03.379	[ANALYSIS]:	Begin loop number 352
2024-09-26 15:57:03.382	[ANALYSIS]:	End loop number 352
2024-09-26 15:57:03.382	[ANALYSIS]:	Begin loop number 353
